1 0.33984375 0.578125 0.0703125 0.109375
2 0.498046875 0.458984375 0.09765625 0.12109375
0 0.423828125 0.3515625 0.08203125 0.0703125
0 0.330078125 0.302734375 0.09765625 0.08203125
1 0.46484375 0.861328125 0.1015625 0.09765625
1 0.43359375 0.712890625 0.1015625 0.10546875
0 0.619140625 0.53515625 0.07421875 0.0625
0 0.638671875 0.4765625 0.09765625 0.0703125
2 0.56640625 0.248046875 0.078125 0.13671875
0 0.83984375 0.78125 0.0859375 0.078125
1 0.908203125 0.748046875 0.09765625 0.07421875
2 0.095703125 0.8515625 0.08984375 0.1171875
0 0.181640625 0.392578125 0.07421875 0.07421875
0 0.16015625 0.44140625 0.0859375 0.078125
