0 0.611328125 0.220703125 0.09765625 0.10546875
0 0.765625 0.322265625 0.109375 0.09765625
0 0.69921875 0.5078125 0.1015625 0.109375
0 0.76171875 0.650390625 0.1015625 0.08984375
0 0.740234375 0.587890625 0.09765625 0.08203125
1 0.18359375 0.271484375 0.1171875 0.13671875
1 0.34375 0.521484375 0.109375 0.10546875
0 0.115234375 0.552734375 0.08203125 0.09765625
0 0.177734375 0.546875 0.07421875 0.0859375
2 0.25390625 0.515625 0.109375 0.140625
2 0.169921875 0.64453125 0.15234375 0.1484375
1 0.033203125 0.5859375 0.06640625 0.1171875
2 0.3125 0.05859375 0.1640625 0.1171875
2 0.373046875 0.69140625 0.13671875 0.09375
2 0.392578125 0.80078125 0.13671875 0.109375
2 0.576171875 0.330078125 0.09765625 0.15234375
