0 0.57421875 0.51953125 0.0859375 0.109375
0 0.7109375 0.8828125 0.0859375 0.1015625
0 0.64453125 0.775390625 0.109375 0.10546875
0 0.302734375 0.609375 0.08203125 0.09375
0 0.220703125 0.6015625 0.10546875 0.0859375
1 0.1171875 0.69921875 0.125 0.09375
1 0.537109375 0.89453125 0.10546875 0.125
1 0.310546875 0.326171875 0.14453125 0.09765625
1 0.0703125 0.255859375 0.140625 0.12109375
2 0.38671875 0.865234375 0.1171875 0.12890625
0 0.6171875 0.23046875 0.09375 0.1015625
0 0.6484375 0.181640625 0.09375 0.10546875
