0 0.52734375 0.21484375 0.0703125 0.109375
0 0.1875 0.869140625 0.1015625 0.09765625
1 0.771484375 0.5859375 0.11328125 0.1015625
1 0.142578125 0.720703125 0.08984375 0.12109375
0 0.912109375 0.947265625 0.08984375 0.09765625
0 0.966796875 0.9453125 0.05859375 0.1015625
1 0.623046875 0.453125 0.11328125 0.140625
1 0.171875 0.537109375 0.109375 0.10546875
2 0.783203125 0.4375 0.13671875 0.109375
2 0.443359375 0.1953125 0.10546875 0.125
2 0.345703125 0.853515625 0.11328125 0.12109375
2 0.748046875 0.865234375 0.11328125 0.12890625
2 0.04296875 0.60546875 0.0859375 0.1484375
