0 0.373046875 0.60546875 0.09765625 0.109375
0 0.40625 0.326171875 0.1015625 0.11328125
0 0.123046875 0.333984375 0.07421875 0.10546875
0 0.19140625 0.33984375 0.0859375 0.109375
0 0.572265625 0.53125 0.08984375 0.1171875
0 0.6328125 0.5078125 0.1015625 0.1171875
0 0.80859375 0.609375 0.0859375 0.1015625
0 0.87890625 0.625 0.078125 0.1171875
1 0.681640625 0.30859375 0.10546875 0.125
1 0.837890625 0.138671875 0.12109375 0.10546875
1 0.634765625 0.833984375 0.11328125 0.10546875
0 0.05859375 0.916015625 0.09375 0.09765625
