0 0.955078125 0.583984375 0.08203125 0.09765625
0 0.396484375 0.34375 0.08984375 0.109375
1 0.078125 0.453125 0.1171875 0.09375
1 0.49609375 0.82421875 0.1015625 0.125
1 0.826171875 0.802734375 0.11328125 0.10546875
1 0.203125 0.818359375 0.1171875 0.12109375
1 0.216796875 0.197265625 0.11328125 0.08984375
1 0.244140625 0.109375 0.09765625 0.109375
2 0.30078125 0.16015625 0.078125 0.125
2 0.599609375 0.1796875 0.10546875 0.140625
2 0.85546875 0.2265625 0.1171875 0.140625
2 0.849609375 0.568359375 0.12890625 0.11328125
