1 0.224609375 0.115234375 0.10546875 0.13671875
1 0.48046875 0.1484375 0.1015625 0.125
1 0.513671875 0.638671875 0.08984375 0.12109375
1 0.2109375 0.640625 0.109375 0.078125
1 0.64453125 0.5546875 0.1328125 0.0859375
1 0.1171875 0.48828125 0.09375 0.140625
1 0.462890625 0.771484375 0.09765625 0.08203125
1 0.169921875 0.8125 0.09765625 0.0859375
0 0.142578125 0.7578125 0.09765625 0.0859375
0 0.220703125 0.69921875 0.09765625 0.078125
0 0.4921875 0.720703125 0.1015625 0.08984375
0 0.216796875 0.310546875 0.08203125 0.08984375
0 0.27734375 0.29296875 0.078125 0.09375
