1 0.0703125 0.6015625 0.078125 0.1015625
1 0.134765625 0.619140625 0.08203125 0.08984375
1 0.251953125 0.4921875 0.07421875 0.1015625
1 0.310546875 0.482421875 0.08203125 0.09765625
1 0.46484375 0.353515625 0.0859375 0.11328125
1 0.810546875 0.640625 0.07421875 0.09375
1 0.8671875 0.625 0.0703125 0.1015625
1 0.6953125 0.80859375 0.1015625 0.1015625
1 0.859375 0.41015625 0.0859375 0.1015625
1 0.904296875 0.384765625 0.08203125 0.10546875
1 0.7109375 0.5625 0.109375 0.078125
1 0.71875 0.501953125 0.09375 0.07421875
2 0.37890625 0.53125 0.078125 0.125
