0 0.400390625 0.900390625 0.08203125 0.08984375
0 0.171875 0.947265625 0.09375 0.08984375
0 0.28515625 0.744140625 0.09375 0.09765625
0 0.400390625 0.447265625 0.08203125 0.08984375
0 0.470703125 0.380859375 0.09765625 0.09765625
0 0.400390625 0.083984375 0.08984375 0.08203125
0 0.26171875 0.154296875 0.09375 0.09765625
1 0.634765625 0.1875 0.11328125 0.09375
1 0.302734375 0.451171875 0.11328125 0.10546875
1 0.255859375 0.615234375 0.11328125 0.12109375
2 0.123046875 0.396484375 0.11328125 0.12890625
1 0.04296875 0.5859375 0.0859375 0.1171875
1 0.56640625 0.87890625 0.1015625 0.109375
2 0.23828125 0.822265625 0.1171875 0.12890625
