0 0.244140625 0.853515625 0.08984375 0.09765625
0 0.380859375 0.794921875 0.10546875 0.09765625
0 0.216796875 0.60546875 0.07421875 0.109375
0 0.69921875 0.544921875 0.0859375 0.10546875
1 0.43359375 0.951171875 0.109375 0.08984375
1 0.66015625 0.791015625 0.09375 0.12890625
1 0.859375 0.677734375 0.109375 0.12109375
1 0.599609375 0.52734375 0.10546875 0.1171875
1 0.939453125 0.291015625 0.09765625 0.11328125
1 0.751953125 0.48046875 0.10546875 0.1171875
1 0.6640625 0.2109375 0.0859375 0.109375
1 0.189453125 0.419921875 0.09765625 0.12109375
2 0.85546875 0.447265625 0.1015625 0.12890625
2 0.431640625 0.197265625 0.12109375 0.10546875
2 0.115234375 0.216796875 0.12109375 0.12109375
2 0.853515625 0.0703125 0.10546875 0.140625
2 0.63671875 0.123046875 0.125 0.08984375
2 0.1796875 0.705078125 0.1328125 0.12890625
1 0.06640625 0.9375 0.109375 0.09375
