1 0.599609375 0.205078125 0.12109375 0.08984375
1 0.791015625 0.431640625 0.09765625 0.09765625
0 0.830078125 0.380859375 0.08984375 0.08984375
1 0.115234375 0.8515625 0.11328125 0.0859375
1 0.439453125 0.3984375 0.10546875 0.1171875
2 0.146484375 0.599609375 0.10546875 0.13671875
2 0.11328125 0.419921875 0.125 0.12109375
2 0.095703125 0.134765625 0.14453125 0.10546875
2 0.359375 0.466796875 0.09375 0.13671875
2 0.4609375 0.283203125 0.109375 0.11328125
2 0.572265625 0.80078125 0.11328125 0.1484375
