0 0.4765625 0.7109375 0.109375 0.078125
0 0.34765625 0.94140625 0.0859375 0.09375
0 0.408203125 0.91015625 0.08203125 0.109375
0 0.138671875 0.546875 0.08984375 0.0859375
1 0.12109375 0.603515625 0.1015625 0.08984375
1 0.728515625 0.09375 0.10546875 0.078125
1 0.70703125 0.033203125 0.109375 0.06640625
0 0.9453125 0.693359375 0.09375 0.08203125
1 0.91796875 0.640625 0.09375 0.0859375
0 0.794921875 0.462890625 0.07421875 0.08984375
0 0.853515625 0.451171875 0.05859375 0.09765625
2 0.8203125 0.7109375 0.1171875 0.125
2 0.171875 0.798828125 0.1171875 0.12109375
2 0.068359375 0.689453125 0.12109375 0.12109375
