0 0.1796875 0.802734375 0.1015625 0.09765625
0 0.234375 0.44921875 0.0859375 0.1015625
0 0.46875 0.615234375 0.09375 0.10546875
0 0.3671875 0.91796875 0.09375 0.1015625
2 0.056640625 0.673828125 0.11328125 0.11328125
1 0.59375 0.583984375 0.109375 0.11328125
0 0.708984375 0.580078125 0.08203125 0.08984375
0 0.66796875 0.611328125 0.0703125 0.08203125
1 0.83984375 0.490234375 0.109375 0.13671875
2 0.76953125 0.71484375 0.1328125 0.1171875
2 0.404296875 0.1796875 0.09765625 0.1171875
0 0.431640625 0.361328125 0.08203125 0.08203125
0 0.455078125 0.3125 0.08203125 0.0859375
