0 0.43359375 0.6875 0.1015625 0.09375
1 0.181640625 0.712890625 0.10546875 0.10546875
1 0.048828125 0.8984375 0.09765625 0.0859375
1 0.650390625 0.796875 0.12109375 0.1015625
1 0.90625 0.552734375 0.1015625 0.11328125
1 0.4375 0.47265625 0.1015625 0.0859375
1 0.37890625 0.138671875 0.0859375 0.12890625
0 0.7265625 0.22265625 0.078125 0.09375
0 0.783203125 0.201171875 0.07421875 0.08984375
0 0.671875 0.623046875 0.078125 0.09765625
0 0.73046875 0.64453125 0.078125 0.1015625
2 0.419921875 0.380859375 0.09765625 0.12109375
