0 0.05613281249999999 0.568046875 0.079765625 0.08464843750000006
0 0.67546875 0.1318359375 0.078125 0.068359375
0 0.8178515625 0.1497265625 0.08953125000000006 0.0748828125
0 0.865078125 0.6746484375 0.08624999999999994 0.06671874999999994
0 0.72671875 0.84796875 0.0732421875 0.08464843750000006
0 0.5932421875 0.7332421875 0.08953125000000006 0.06671874999999994
0 0.638828125 0.8837890625 0.07976562500000006 0.05859375
0 0.963046875 0.4426953125 0.07390625000000006 0.087890625
1 0.2880859375 0.4305078125 0.087890625 0.0927734375
0 0.1008984375 0.135078125 0.0813671875 0.05859375
0 0.0927734375 0.19125 0.078125 0.05695312499999999
1 0.1587109375 0.5810546875 0.0830078125 0.10417968750000006
1 0.5281640625 0.08953125 0.07648437499999994 0.1106640625
1 0.633125 0.8056640625 0.09765625 0.10417968750000006
2 0.6713671875 0.6469921875 0.08624999999999994 0.1220703125
2 0.5151171875 0.3133203125 0.09929687500000006 0.07976562499999995