2 0.369140625 0.4453125 0.11328125 0.09375
1 0.7578125 0.115234375 0.09375 0.08203125
2 0.416015625 0.75390625 0.09765625 0.078125
1 0.21484375 0.1953125 0.078125 0.0859375
0 0.06640625 0.4765625 0.078125 0.0859375
0 0.115234375 0.50390625 0.08203125 0.09375
1 0.275390625 0.234375 0.08203125 0.09375
2 0.423828125 0.091796875 0.10546875 0.09765625
2 0.482421875 0.134765625 0.10546875 0.10546875
1 0.916015625 0.5859375 0.08203125 0.078125
1 0.953125 0.53515625 0.0859375 0.078125
2 0.818359375 0.828125 0.10546875 0.125
0 0.142578125 0.76171875 0.07421875 0.078125
0 0.1015625 0.73828125 0.0703125 0.0859375
2 0.08984375 0.890625 0.1015625 0.09375
1 0.564453125 0.966796875 0.11328125 0.05859375
