0 0.7373046875 0.8911328125 0.078125 0.0634765625
0 0.738125 0.7787890625 0.0830078125 0.07976562500000006
0 0.4793359375 0.6908984375 0.06999999999999995 0.06023437500000006
0 0.4996875 0.7470703125 0.09113281250000005 0.068359375
0 0.61765625 0.9719921875 0.07648437499999994 0.05597656249999994
0 0.1015625 0.974609375 0.0859375 0.05078125
0 0.0537109375 0.4483984375 0.0846484375 0.06999999999999995
0 0.861015625 0.3369140625 0.08464843750000006 0.078125
0 0.2937890625 0.86671875 0.08625000000000005 0.0732421875
0 0.349921875 0.818671875 0.09113281250000005 0.068359375
1 0.1432421875 0.1904296875 0.09765625 0.0944140625
1 0.2311328125 0.1106640625 0.087890625 0.1008984375
2 0.7861328125 0.05046875000000001 0.10089843749999994 0.1008984375
2 0.1611328125 0.345859375 0.1008984375 0.11882812499999995