0 0.63640625 0.6673046875 0.08464843750000006 0.068359375
0 0.94890625 0.7194140625 0.08136718749999994 0.06511718750000006
0 0.302734375 0.96484375 0.05859375 0.0703125
0 0.7511328125 0.6160546875 0.0830078125 0.09601562499999994
0 0.2034375 0.5851171875 0.0716015625 0.0830078125
0 0.2392578125 0.6380078125 0.07160156249999997 0.06511718750000006
0 0.967109375 0.115546875 0.06574218749999994 0.068359375
0 0.1456640625 0.8430859375 0.08625 0.068359375
1 0.564765625 0.528984375 0.107421875 0.08136718749999994
1 0.447578125 0.556640625 0.10089843750000005 0.078125
2 0.736484375 0.3116796875 0.09601562499999994 0.12531250000000002
2 0.115546875 0.7625390625 0.09765625 0.10578124999999994