0 0.919921875 0.66015625 0.07421875 0.09375
0 0.935546875 0.4453125 0.08984375 0.09375
1 0.177734375 0.19921875 0.10546875 0.09375
2 0.32421875 0.107421875 0.1015625 0.11328125
1 0.373046875 0.048828125 0.08203125 0.09765625
2 0.759765625 0.603515625 0.09765625 0.10546875
2 0.5703125 0.521484375 0.1171875 0.10546875
0 0.625 0.40234375 0.09375 0.0859375
2 0.212890625 0.921875 0.11328125 0.1171875
1 0.578125 0.775390625 0.09375 0.08984375
2 0.2734375 0.728515625 0.109375 0.10546875
0 0.123046875 0.416015625 0.08203125 0.08984375
0 0.283203125 0.576171875 0.08203125 0.07421875
1 0.296875 0.65625 0.109375 0.1015625
1 0.375 0.466796875 0.09375 0.09765625
2 0.337890625 0.513671875 0.11328125 0.11328125
1 0.46875 0.5625 0.09375 0.109375
1 0.765625 0.734375 0.1015625 0.1015625
1 0.6953125 0.259765625 0.09375 0.08984375
1 0.46484375 0.294921875 0.1171875 0.08984375
0 0.435546875 0.36328125 0.08203125 0.0859375
2 0.68359375 0.333984375 0.109375 0.09765625
2 0.521484375 0.240234375 0.08203125 0.10546875
