1 0.3116796875 0.7975390625 0.1025390625 0.09113281249999994
1 0.10007812499999999 0.974453125 0.09929687499999999 0.05109374999999994
1 0.25390625 0.4166796875 0.087890625 0.09765625
1 0.6925390625 0.2213671875 0.08953125000000006 0.10417968749999998
1 0.71453125 0.35890625 0.087890625 0.10906250000000006
1 0.77390625 0.0537109375 0.10578124999999994 0.09765625
2 0.314140625 0.5810546875 0.11394531249999995 0.087890625
2 0.6453515625 0.9326171875 0.1025390625 0.11066406249999994
0 0.6616015625 0.8561328125 0.07648437499999994 0.068359375
0 0.5712890625 0.3507421875 0.078125 0.07976562499999995
0 0.57859375 0.2123828125 0.08953125000000006 0.08953125
2 0.22867187499999997 0.2034375 0.12207031249999997 0.0911328125
1 0.02734375 0.15234375 0.0546875 0.109375
2 0.05078125 0.048828125 0.1015625 0.09765625