1 0.908203125 0.634765625 0.08984375 0.09765625
2 0.158203125 0.54296875 0.11328125 0.1328125
0 0.068359375 0.53515625 0.08203125 0.09375
0 0.125 0.3984375 0.0859375 0.0859375
0 0.16796875 0.36328125 0.0859375 0.09375
1 0.353515625 0.177734375 0.08203125 0.08203125
1 0.466796875 0.236328125 0.06640625 0.09765625
1 0.421875 0.162109375 0.078125 0.08984375
1 0.513671875 0.396484375 0.08203125 0.10546875
2 0.595703125 0.447265625 0.11328125 0.12109375
2 0.7578125 0.2734375 0.125 0.109375
0 0.8203125 0.2265625 0.0859375 0.1015625
0 0.81640625 0.416015625 0.0859375 0.06640625
0 0.8203125 0.474609375 0.078125 0.07421875
0 0.794921875 0.798828125 0.09765625 0.09765625
