0 0.791015625 0.53140625 0.07160156249999994 0.0830078125
0 0.213203125 0.6469921875 0.087890625 0.0830078125
1 0.431328125 0.51515625 0.09441406249999995 0.08624999999999994
1 0.9415625 0.658359375 0.07976562500000006 0.09601562499999994
1 0.9309765625 0.248203125 0.10417968750000006 0.096015625
0 0.05613281249999999 0.078125 0.079765625 0.0813671875
0 0.30109375 0.4736328125 0.068359375 0.08136718749999994
0 0.2644921875 0.4345703125 0.07648437500000002 0.08464843750000006
2 0.2644921875 0.9285546875 0.09601562500000002 0.1220703125
2 0.1627734375 0.388984375 0.09765625 0.11394531249999995
2 0.4695703125 0.6608203125 0.10578125000000005 0.11066406249999994