1 0.286953125 0.3568359375 0.12019531250000001 0.07960937499999998
1 0.2997265625 0.1006640625 0.09464843749999996 0.08714843749999998
1 0.126953125 0.0811328125 0.08863281249999999 0.0931640625
1 0.2666796875 0.5070703125 0.08562499999999998 0.09765625
1 0.333515625 0.49054687499999994 0.08113281250000004 0.09765624999999994
1 0.870625 0.8443359375 0.08863281249999999 0.09316406250000009
1 0.920234375 0.8098046875 0.09464843750000007 0.09617187500000002
1 0.7391796875 0.525859375 0.09617187500000002 0.11117187499999998
1 0.14046875 0.2771875 0.08863281249999999 0.07960937499999998
2 0.06609375 0.232109375 0.078125 0.11570312500000002
2 0.47625 0.8308203125 0.12320312499999997 0.10515625000000006
2 0.6866015625 0.8391015625 0.11417968750000007 0.10367187500000008