2 0.369609375 0.2876953125 0.10214843750000002 0.11867187499999998
2 0.732421875 0.525078125 0.11570312500000002 0.07960937499999998
2 0.806796875 0.8466015625 0.10816406249999999 0.13371093750000007
0 0.6009765625 0.94875 0.09015624999999994 0.10066406249999993
0 0.345546875 0.855625 0.06910156249999999 0.06460937500000008
0 0.372578125 0.6024609375 0.08113281250000004 0.09316406250000009
0 0.5153125 0.4146484375 0.09617187500000002 0.08113281250000004
0 0.7001171875 0.4266796875 0.08113281249999993 0.09015625000000005
2 0.3951171875 0.0983984375 0.08714843750000001 0.1126953125
0 0.4987890625 0.1607421875 0.06910156249999999 0.10214843749999998
0 0.43796875 0.15625 0.06460937499999997 0.09015625
1 0.755703125 0.0923828125 0.10816406249999999 0.08863281249999999
1 0.7294140625 0.1802734375 0.10066406249999993 0.09015625
2 0.8330859375 0.291484375 0.10667968750000001 0.08113281250000004
1 0.848125 0.3666015625 0.12468750000000006 0.08113281250000004
1 0.1998046875 0.626484375 0.09914062499999998 0.09914062499999998
2 0.1675 0.7196484375 0.13671875 0.09316406250000009
2 0.09839843749999999 0.900703125 0.09765624999999999 0.07363281250000009
0 0.1171875 0.959296875 0.08414062499999998 0.06761718750000001