1 0.40265625 0.33953125 0.08414062499999997 0.09914062499999998
1 0.310234375 0.4634765625 0.10066406250000004 0.10367187500000002
1 0.533359375 0.4987890625 0.09316406250000003 0.08113281249999998
1 0.3853515625 0.5866796875 0.10667968750000001 0.09164062499999992
0 0.213359375 0.618984375 0.08113281249999998 0.09015624999999994
1 0.30875 0.8345703125 0.09464843749999996 0.09164062499999992
2 0.709140625 0.6978515625 0.08714843750000001 0.10066406249999993
0 0.650546875 0.9247265625 0.08414062500000008 0.08261718749999991
0 0.6015625 0.962890625 0.0859375 0.07421875
1 0.87890625 0.9442578125 0.10816406249999999 0.10968749999999994
1 0.9074609375 0.04957031249999999 0.09914062499999998 0.09015625
0 0.859375 0.208828125 0.09316406250000009 0.09015625
1 0.896171875 0.16 0.10968749999999994 0.10367187500000001