2 0.6400390625 0.2043359375 0.09914062499999998 0.11417968749999999
2 0.1878125 0.17578125 0.07511718750000002 0.12320312499999998
1 0.33203125 0.3838671875 0.09914062499999998 0.08261718750000002
1 0.57390625 0.44546875 0.10515625000000006 0.07960937499999998
2 0.3590625 0.5829296875 0.08414062499999997 0.1171875
0 0.5596484375 0.5115625 0.08863281249999999 0.07363281250000003
0 0.251640625 0.93 0.07062500000000002 0.06308593749999991
0 0.2801953125 0.7098828125 0.10367187499999997 0.08863281249999999
1 0.1705078125 0.8248046875 0.09464843750000002 0.10214843749999991
0 0.252421875 0.806796875 0.07511718749999999 0.08414062500000008
0 0.30046875 0.7775 0.08113281250000004 0.07664062500000002
1 0.87515625 0.18703125 0.08562500000000006 0.09765625
1 0.915703125 0.7173828125 0.10968749999999994 0.07960937499999998
0 0.9269921875 0.7782421875 0.10816406249999999 0.07210937499999992
2 0.6498046875 0.724921875 0.10667968750000001 0.10066406249999993
0 0.6062109375 0.677578125 0.09464843750000007 0.09617187500000002
0 0.7136328125 0.92625 0.09015624999999994 0.09464843750000007
0 0.7429296875 0.9803125 0.10968749999999994 0.03757812500000002