2 0.5633984375 0.521328125 0.12019531249999993 0.1171875
2 0.3583203125 0.908203125 0.1276953125 0.1276953125
0 0.95703125 0.685546875 0.0859375 0.07421875
0 0.2193359375 0.1802734375 0.06007812499999998 0.08414062500000002
0 0.3410546875 0.29296875 0.08714843750000001 0.08714843750000001
0 0.2779296875 0.189296875 0.08714843750000001 0.08414062500000002
0 0.2771875 0.267421875 0.08562499999999998 0.07210937500000003
0 0.1066796875 0.4462109375 0.08714843749999998 0.08113281250000004
0 0.1525 0.3838671875 0.07664062500000002 0.10066406250000004
1 0.8368359375 0.509296875 0.07511718750000007 0.11417968750000002
0 0.7707421875 0.4927734375 0.078125 0.06007812499999998
0 0.77296875 0.5573828125 0.08562500000000006 0.07511718750000007
0 0.6730859375 0.802265625 0.10214843749999991 0.08414062500000008
0 0.6986328125 0.62875 0.06910156249999999 0.07664062500000002
0 0.751953125 0.6144921875 0.07062499999999994 0.06609375000000006
0 0.6903515625 0.7466796875 0.09464843750000007 0.05410156250000009
0 0.693359375 0.693359375 0.08863281249999999 0.05257812499999992