0 0.386875 0.5987109375 0.08562499999999995 0.09164062499999992
0 0.22011718749999998 0.4537109375 0.07664062499999999 0.08714843750000001
0 0.1998046875 0.37859375 0.07511718750000002 0.07511718749999996
0 0.0420703125 0.416171875 0.084140625 0.07511718749999996
0 0.091640625 0.7759765625 0.07210937499999999 0.07363281250000009
0 0.04734374999999999 0.720390625 0.070625 0.06761718750000001
0 0.0691015625 0.92625 0.072109375 0.07960937499999998
0 0.6903515625 0.9419921875 0.07664062500000002 0.08113281249999993
0 0.7256640625 0.83234375 0.07511718750000007 0.08414062500000008
0 0.7767578125 0.779765625 0.09316406250000009 0.09617187500000002
2 0.06984375 0.6535546875 0.10066406250000001 0.10515625000000006
1 0.407890625 0.205078125 0.10367187499999997 0.10968749999999997
2 0.2997265625 0.096171875 0.10667968750000001 0.12019531250000001
2 0.8931640625 0.322265625 0.11269531250000009 0.08863281249999999