0 0.699375 0.6355078125 0.07363281250000009 0.06910156249999999
0 0.470234375 0.0555859375 0.08113281249999998 0.078125
0 0.4266796875 0.5731640625 0.09316406249999998 0.07960937499999998
1 0.2546484375 0.3350390625 0.09765625 0.09015625000000005
1 0.0390625 0.162109375 0.078125 0.09765625
1 0.7917578125 0.4642578125 0.10515625000000006 0.09914062499999998
2 0.865390625 0.255390625 0.12019531249999993 0.1171875
2 0.966484375 0.2696875 0.06699218749999991 0.10667968750000001
0 0.779765625 0.685078125 0.07210937499999992 0.07210937499999992
1 0.61671875 0.603984375 0.10367187500000008 0.08113281249999993
1 0.46125 0.7376953125 0.10515624999999995 0.09617187500000002
2 0.498046875 0.9089453125 0.12167968749999997 0.09617187500000002
2 0.389140625 0.62875 0.1262109375 0.11269531250000009