2 0.7962890625 0.41765625 0.07511718750000007 0.08113281250000004
2 0.88265625 0.6512890625 0.07960937499999998 0.07363281250000009
2 0.9089453125 0.72640625 0.08113281249999993 0.06160156249999993
2 0.709140625 0.8443359375 0.07210937499999992 0.07210937499999992
2 0.21484375 0.447734375 0.08714843750000001 0.078125
1 0.0616015625 0.365078125 0.08113281250000001 0.08714843750000001
1 0.130703125 0.4206640625 0.09617187500000002 0.078125
1 0.39890625 0.193046875 0.11269531249999998 0.09164062500000003
2 0.826328125 0.9209765625 0.1262109375 0.09316406250000009
2 0.5656640625 0.560390625 0.07960937499999998 0.1171875
2 0.4740234375 0.5341015625 0.10667968750000001 0.07960937499999998
2 0.46648437500000006 0.6062109375 0.11867187500000004 0.09164062499999992
2 0.5521484375 0.1021484375 0.10066406249999993 0.10816406249999999