0 0.2734375 0.63703125 0.078125 0.09316406250000009
0 0.5025390625 0.22609375000000004 0.08863281249999999 0.07960937500000001
0 0.431171875 0.28171875 0.09316406249999998 0.08863281249999999
0 0.9112109375 0.666328125 0.08562500000000006 0.09164062499999992
0 0.302734375 0.798515625 0.07960937499999998 0.08562500000000006
0 0.32078125 0.859375 0.09164062500000003 0.078125
1 0.4890234375 0.44695312499999995 0.08863281249999999 0.10667968749999995
1 0.8345703125 0.588203125 0.10066406249999993 0.08261718749999991
2 0.5859375 0.78125 0.12019531249999993 0.10214843749999991
1 0.14875 0.5814453125 0.12320312499999998 0.08414062500000008
1 0.3666015625 0.37484375 0.12320312499999997 0.08863281249999999
1 0.20734375 0.911953125 0.08113281249999998 0.10214843749999991
2 0.970234375 0.384609375 0.05949218750000007 0.11117187500000003