0 0.2659375 0.4409375 0.08714843750000001 0.09164062500000003
0 0.951171875 0.109375 0.09765625 0.09375
1 0.8871875 0.498046875 0.08863281249999999 0.08863281249999999
1 0.539375 0.4740234375 0.09015624999999994 0.10066406249999998
1 0.08640625 0.080390625 0.10066406250000001 0.10066406249999998
2 0.4349609375 0.60546875 0.11269531249999998 0.1171875
1 0.2298828125 0.1096875 0.10515625 0.09015625
2 0.138203125 0.4559765625 0.09316406250000002 0.11269531249999998
2 0.478515625 0.1945703125 0.08863281249999999 0.1096875
2 0.6610546875 0.0736328125 0.12019531249999993 0.09914062499999998
1 0.857890625 0.24562500000000004 0.10214843749999991 0.08863281250000002
2 0.8098046875 0.6182421875 0.09617187500000002 0.11867187499999998
2 0.822578125 0.7819921875 0.09765625 0.11570312500000002
1 0.9694921875 0.72640625 0.06101562500000002 0.09164062499999992
0 0.970703125 0.904296875 0.05859375 0.08203125
0 0.368828125 0.4266796875 0.09765625 0.07511718749999996
0 0.3470703125 0.3666015625 0.08714843750000001 0.07210937500000003
0 0.41015625 0.706875 0.08714843750000001 0.07062499999999994
1 0.4289453125 0.7624609375 0.09765625 0.07363281250000009