0 0.5281640625 0.5151171875 0.0830078125 0.08624999999999994
0 0.5509375 0.196953125 0.08953125000000006 0.078125
0 0.2978515625 0.79671875 0.09765625 0.09601562499999994
2 0.1277734375 0.59 0.1253125 0.11882812500000006
2 0.2001953125 0.759296875 0.10089843749999997 0.1025390625
2 0.880546875 0.46875 0.10089843749999994 0.12371093750000006
2 0.4036328125 0.12859375 0.12371093749999995 0.1139453125
2 0.4174609375 0.3971484375 0.1123046875 0.13347656249999995
1 0.425625 0.8553125 0.09929687499999995 0.08953125000000006
1 0.470390625 0.9426953125 0.12042968750000005 0.11457031249999994
1 0.078125 0.196953125 0.1041796875 0.0813671875
0 0.1025390625 0.139140625 0.0911328125 0.076484375
1 0.9545703125 0.0439453125 0.08953125000000006 0.087890625