0 0.2384375 0.28890625 0.08625 0.0927734375
0 0.510234375 0.5208203125 0.08953125000000006 0.06183593749999999
0 0.75359375 0.7527734375 0.09113281249999994 0.08953125000000006
0 0.7690234375 0.026874999999999996 0.08624999999999994 0.0537109375
0 0.3719140625 0.537109375 0.0732421875 0.08136718749999994
0 0.4369921875 0.5208203125 0.0732421875 0.09441406250000006
1 0.466328125 0.3621484375 0.08624999999999994 0.09929687499999995
1 0.5012890625 0.5769921875 0.09441406250000006 0.0732421875
1 0.7780078125 0.9638671875 0.09765625 0.072265625
2 0.3190234375 0.7137109375 0.126953125 0.0830078125
2 0.474453125 0.21484375 0.11882812499999995 0.107421875