0 0.068359375 0.78875 0.070625 0.08714843750000001
0 0.2801953125 0.6791015625 0.07960937499999998 0.08714843750000001
0 0.8541015625 0.196796875 0.08261718749999991 0.08714843750000001
1 0.3327734375 0.8503515625 0.10066406250000004 0.09015624999999994
1 0.11792968750000002 0.4792578125 0.08562500000000002 0.09015624999999994
1 0.87890625 0.4657421875 0.10214843749999991 0.10515624999999995
2 0.5619140625 0.6009765625 0.12320312500000008 0.09617187500000002
2 0.916484375 0.5806640625 0.08113281249999993 0.10968749999999994
2 0.060078125 0.529609375 0.1081640625 0.10066406249999998
2 0.450703125 0.958984375 0.10214843749999997 0.08203125
2 0.3080078125 0.04132812500000001 0.10816406249999999 0.0826171875