0 0.724921875 0.390625 0.10667968750000001 0.09015624999999994
1 0.383125 0.564140625 0.12320312499999997 0.09164062499999992
2 0.572421875 0.7512109375 0.12320312500000008 0.1262109375
2 0.21183593749999996 0.8736328125 0.11718749999999997 0.10066406249999993
2 0.2959765625 0.4094140625 0.06910156249999999 0.08562500000000006
0 0.80453125 0.6340234375 0.10667968750000001 0.07511718750000007
2 0.8195703125 0.7001171875 0.12167968749999991 0.08714843750000001
2 0.145 0.43796875 0.1246875 0.09164062500000003
0 0.1750390625 0.6001953125 0.06761718750000001 0.07664062500000002
0 0.232109375 0.6144921875 0.06160156250000001 0.07210937499999992
0 0.2095703125 0.548359375 0.07664062500000002 0.07210937499999992
0 0.84359375 0.1457421875 0.07960937499999998 0.08414062499999998
2 0.7121484375 0.166015625 0.09015624999999994 0.10066406249999998
2 0.57015625 0.1712890625 0.1276953125 0.09617187500000002
0 0.60546875 0.1246875 0.09316406250000009 0.08113281249999998
1 0.06609375 0.05332031250000001 0.10515625 0.103671875