0 0.2606640625 0.5078125 0.08863281249999999 0.09015624999999994
0 0.4108984375 0.535625 0.08863281249999999 0.08863281249999999
0 0.682109375 0.556640625 0.08414062500000008 0.08261718749999991
0 0.710625 0.294453125 0.08414062500000008 0.09015624999999997
0 0.6678125 0.96046875 0.07960937499999998 0.07902343750000007
1 0.9021875 0.7669921875 0.10066406249999993 0.08261718749999991
1 0.6880859375 0.0360546875 0.09617187500000002 0.072109375
2 0.78125 0.6144921875 0.12019531249999993 0.09015624999999994
0 0.86765625 0.8428515625 0.07062499999999994 0.078125
2 0.4740234375 0.205078125 0.10367187500000002 0.12468750000000003
0 0.9330078125 0.8330859375 0.06910156249999999 0.07664062500000002