0 0.1615234375 0.6182421875 0.10667968750000001 0.07062499999999994
0 0.1810546875 0.685859375 0.10667968750000001 0.07664062500000002
1 0.388359375 0.92625 0.11269531249999998 0.07960937499999998
0 0.8781640625 0.8173046875 0.10367187500000008 0.09015624999999994
0 0.6437890625 0.535625 0.09464843750000007 0.07363281250000003
0 0.6708203125 0.4837890625 0.09765625 0.09617187500000002
0 0.3094921875 0.4326953125 0.10816406249999999 0.07210937500000003
0 0.318515625 0.4935546875 0.10515624999999995 0.06460937500000002
1 0.935234375 0.38234375 0.10968749999999994 0.08863281249999999
0 0.3861328125 0.252421875 0.09914062499999998 0.08714843750000001
2 0.439453125 0.17953125 0.08863281249999999 0.11269531250000002