0 0.703125 0.4387109375 0.07511718750000007 0.11117187500000003
0 0.6302734375 0.866875 0.08562500000000006 0.10515625000000006
2 0.4184375 0.3485546875 0.1276953125 0.13523437500000002
2 0.314765625 0.1322265625 0.09765625 0.12921875
0 0.1434765625 0.2726953125 0.10367187500000001 0.07664062500000002
0 0.13671875 0.3440625 0.10515625 0.06308593750000002
0 0.1374609375 0.685078125 0.08261718750000001 0.09015624999999994
2 0.074375 0.631015625 0.1096875 0.12019531249999993
1 0.6257421875 0.5378515625 0.09164062499999992 0.09617187500000002
1 0.5754296875 0.247890625 0.10816406249999999 0.08414062500000002
1 0.9247265625 0.1216796875 0.09464843750000007 0.08113281249999998
0 0.959296875 0.0848828125 0.07363281250000009 0.0826171875