0 0.7316796875 0.5971875 0.07210937499999992 0.09765625
1 0.8345703125 0.8000390625 0.08863281249999999 0.07664062500000002
1 0.646796875 0.88265625 0.09164062499999992 0.07960937499999998
1 0.46046875 0.8976953125 0.08562500000000006 0.10066406249999993
1 0.545390625 0.8661328125 0.08714843750000001 0.09464843750000007
2 0.5205859375 0.9559765625 0.10667968750000001 0.08804687500000008
2 0.2734375 0.794765625 0.09914062499999998 0.1262109375
2 0.235859375 0.4048828125 0.10214843749999997 0.08562500000000006
2 0.4792578125 0.5168359375 0.10816406249999999 0.09316406250000003
2 0.9134765625 0.4935546875 0.09316406250000009 0.09164062499999998
2 0.83609375 0.220859375 0.10066406249999993 0.09015625
1 0.9187109375 0.22234375 0.08261718749999991 0.08714843750000001
0 0.21933593750000002 0.9694921875 0.07812500000000003 0.06101562500000002