0 0.7767578125 0.52734375 0.08113281249999993 0.10816406249999999
2 0.4048828125 0.5130859375 0.09765625 0.12167968749999997
2 0.8240625 0.8210546875 0.09164062499999992 0.12468750000000006
1 0.5558984375 0.838359375 0.10214843749999991 0.10816406249999999
2 0.3936328125 0.9187109375 0.08714843750000001 0.11269531250000009
2 0.4259375 0.845859375 0.10066406250000004 0.09617187500000002
0 0.2689453125 0.3440625 0.06007812499999998 0.06910156249999999
0 0.3838671875 0.3365234375 0.05257812500000003 0.06910156249999999
2 0.3230078125 0.3485546875 0.07511718749999996 0.1171875
2 0.1126953125 0.44171875 0.07511718750000002 0.11417968749999996
2 0.1802734375 0.4289453125 0.08113281249999998 0.11867187499999998
2 0.5003125 0.04132812500000001 0.09617187500000002 0.0826171875