2 0.724921875 0.119453125 0.12167968749999991 0.09765625
0 0.6512890625 0.2494140625 0.07664062500000002 0.11417968750000002
2 0.5746875 0.84734375 0.11570312500000002 0.12019531249999993
0 0.7158984375 0.2433984375 0.07062499999999994 0.09316406249999998
2 0.803046875 0.5190625 0.11269531250000009 0.08863281249999999
1 0.333515625 0.588203125 0.10214843750000002 0.10667968750000001
1 0.389140625 0.8075390625 0.10816406249999999 0.10667968750000001
0 0.79328125 0.3252734375 0.08113281249999993 0.10367187499999997
0 0.849609375 0.30046875 0.07664062500000002 0.10515624999999998
0 0.178046875 0.7722265625 0.11269531249999999 0.09316406250000009
0 0.1494921875 0.818828125 0.10066406249999998 0.09015624999999994
0 0.9634765625 0.9517578125 0.07300781249999999 0.09464843750000007
1 0.6828515625 0.57390625 0.10667968750000001 0.09316406250000009
0 0.710625 0.5243359375 0.08414062500000008 0.06910156249999999