0 0.73390625 0.543125 0.08562500000000006 0.08562500000000006
0 0.8758984375 0.7940234375 0.078125 0.08562500000000006
0 0.945 0.7819921875 0.07511718750000007 0.07664062500000002
0 0.682109375 0.05859375 0.09316406250000009 0.07511718750000002
0 0.779765625 0.080390625 0.08113281249999993 0.085625
1 0.587421875 0.8976953125 0.10214843749999991 0.07960937499999998
1 0.5280859375 0.794765625 0.08562500000000006 0.09316406250000009
1 0.419921875 0.9232421875 0.09164062500000003 0.08261718749999991
1 0.1953125 0.6670703125 0.10214843750000002 0.09316406250000009
1 0.0811328125 0.7233984375 0.1021484375 0.10066406249999993
1 0.19832031250000004 0.3553125 0.10816406250000002 0.10667968750000001
1 0.46124999999999994 0.14796875 0.09617187499999996 0.1096875
2 0.75796875 0.16828125 0.11269531250000009 0.10515625
2 0.915703125 0.2591796875 0.11867187499999998 0.12167968750000002
1 0.8368359375 0.682109375 0.08714843750000001 0.09015624999999994