1 0.83984375 0.38234375 0.09914062499999998 0.09464843749999996
0 0.724921875 0.4694921875 0.09464843750000007 0.06460937500000002
0 0.7136328125 0.5341015625 0.09617187500000002 0.06761718750000001
0 0.4973046875 0.767734375 0.09914062499999998 0.08113281249999993
0 0.5633984375 0.857890625 0.09617187500000002 0.07511718750000007
0 0.5851953125 0.7902734375 0.10066406249999993 0.07511718750000007
0 0.3876171875 0.974765625 0.08113281250000004 0.05046875000000006
1 0.181796875 0.431171875 0.08714843750000001 0.12019531250000004
1 0.2884765625 0.407890625 0.10816406249999999 0.10667968750000001
2 0.138203125 0.1878125 0.09316406250000002 0.1171875
1 0.6603125 0.25765625 0.08261718749999991 0.11867187499999998
1 0.5866796875 0.16 0.09464843750000007 0.08261718749999998
1 0.5859375 0.2351171875 0.08113281249999993 0.10367187499999997
0 0.14796875 0.025546875 0.07960937499999998 0.05109375