0 0.28921875 0.1322265625 0.08562499999999998 0.08414062500000001
0 0.1126953125 0.0323046875 0.08414062500000001 0.064609375
0 0.4559765625 0.1592578125 0.08562499999999995 0.08714843750000001
0 0.709140625 0.7496875 0.09617187500000002 0.06609375000000006
1 0.84734375 0.365078125 0.09015624999999994 0.10214843750000002
1 0.107421875 0.349296875 0.10367187499999998 0.09464843749999996
1 0.05109375000000001 0.0653515625 0.1021484375 0.09464843749999999
1 0.4597265625 0.60921875 0.08414062500000002 0.10968749999999994
1 0.724921875 0.96046875 0.08863281249999999 0.07902343750000007
1 0.8954296875 0.900703125 0.09617187500000002 0.07664062500000002
2 0.59796875 0.486796875 0.1262109375 0.09617187500000002
2 0.53859375 0.28921875 0.11570312500000002 0.10968750000000002
2 0.763984375 0.3801171875 0.09164062499999992 0.12019531250000004
2 0.91796875 0.8135546875 0.12921874999999994 0.10968749999999994