0 0.3666015625 0.7744921875 0.10214843750000002 0.05558593750000007
0 0.380859375 0.8293359375 0.07664062500000002 0.06007812499999998
0 0.8931640625 0.693359375 0.09464843750000007 0.07664062500000002
0 0.7624609375 0.71890625 0.08562500000000006 0.07062499999999994
2 0.7534375 0.6550390625 0.10667968750000001 0.08714843750000001
1 0.1802734375 0.3816015625 0.10515625 0.078125
1 0.1209375 0.4973046875 0.08863281249999999 0.09617187500000002
2 0.0788671875 0.3996484375 0.11570312499999999 0.11417968749999996
0 0.556640625 0.5791796875 0.11570312500000002 0.07960937499999998
2 0.623515625 0.5168359375 0.11417968750000007 0.1171875
0 0.4409375 0.49953125 0.11269531249999998 0.07960937499999998
1 0.8954296875 0.2644140625 0.10816406249999999 0.07511718749999999
1 0.838359375 0.05484375 0.08714843750000001 0.103671875
1 0.3861328125 0.0345703125 0.09914062499999998 0.0691015625
0 0.6084765625 0.1246875 0.078125 0.078125
2 0.6325 0.1885546875 0.1171875 0.09765625
0 0.587421875 0.392890625 0.06910156249999999 0.07664062500000002
0 0.564140625 0.435703125 0.07363281250000009 0.06910156249999999
2 0.48078125 0.4364453125 0.10515624999999995 0.09164062500000003