0 0.6550390625 0.881171875 0.06308593749999991 0.09164062499999992
0 0.42140625 0.880390625 0.09164062500000003 0.07511718750000007
1 0.1652734375 0.9187109375 0.10816406249999999 0.07664062500000002
0 0.0420703125 0.4830078125 0.084140625 0.08261718749999997
0 0.3838671875 0.1915625 0.09164062500000003 0.07960937499999998
0 0.92171875 0.4537109375 0.07960937499999998 0.08414062499999997
1 0.7955078125 0.0345703125 0.10367187500000008 0.0691015625
1 0.7158984375 0.86765625 0.08863281249999999 0.11269531250000009
1 0.0826171875 0.4409375 0.09914062499999998 0.11269531249999998
2 0.5183203125 0.47250000000000003 0.11417968750000002 0.08863281250000005
2 0.283203125 0.4447265625 0.08863281249999999 0.11417968750000002
2 0.3440625 0.759453125 0.09617187500000002 0.11269531250000009
2 0.052734375 0.775390625 0.10546875 0.08984375
2 0.8428515625 0.916484375 0.08414062500000008 0.09914062499999998
2 0.8819140625 0.408671875 0.10515625000000006 0.10816406249999999
2 0.751953125 0.174296875 0.08562500000000006 0.12019531249999998
2 0.9172265625 0.1667578125 0.09164062499999992 0.11417968750000002
0 0.6400390625 0.10890625000000001 0.09015624999999994 0.07062500000000001
0 0.6595703125 0.0555859375 0.09617187500000002 0.06910156250000002
2 0.49503906249999996 0.20359375 0.11570312499999996 0.10066406249999998