0 0.3583203125 0.2726953125 0.08863281249999999 0.08261718750000002
0 0.4071484375 0.618984375 0.07511718749999996 0.08714843750000001
0 0.4717578125 0.638515625 0.07511718749999996 0.078125
0 0.3094921875 0.603203125 0.09914062499999998 0.08562500000000006
1 0.2606640625 0.818046875 0.07960937499999998 0.10667968750000001
0 0.33203125 0.849609375 0.08714843750000001 0.08562500000000006
1 0.501796875 0.8052734375 0.09316406250000003 0.09914062499999998
1 0.83984375 0.4364453125 0.1171875 0.09765625
1 0.9330078125 0.2313671875 0.08414062500000008 0.12019531249999998
1 0.8150390625 0.1825390625 0.09765625 0.09765625
1 0.3876171875 0.0871484375 0.09316406249999998 0.11417968749999999
1 0.2448828125 0.1201953125 0.09015624999999997 0.10816406250000002
2 0.68359375 0.213359375 0.09914062499999998 0.10515625
2 0.44171875 0.91421875 0.08414062499999997 0.11867187499999998