0 0.6880859375 0.06984375 0.078125 0.09765625
2 0.2771875 0.0923828125 0.10667968750000001 0.09164062499999999
1 0.31625 0.040546875 0.10367187499999997 0.0751171875
0 0.379375 0.386875 0.08562500000000006 0.09164062500000003
1 0.6452734375 0.4987890625 0.10968749999999994 0.09015624999999994
2 0.8037890625 0.6392578125 0.11117187499999992 0.09464843750000007
2 0.5085546875 0.5987109375 0.11269531250000003 0.11867187499999998
2 0.3132421875 0.6535546875 0.10968749999999994 0.09316406250000009
2 0.341796875 0.7925 0.12167968750000002 0.10066406249999993
2 0.7038671875 0.87890625 0.11867187499999998 0.08414062500000008
0 0.791015625 0.8819140625 0.06460937500000008 0.09316406250000009
1 0.2726953125 0.9037109375 0.10066406250000001 0.10066406249999993
0 0.1397265625 0.712890625 0.09617187500000002 0.07062499999999994
0 0.115703125 0.771484375 0.09617187499999999 0.07960937499999998