1 0.848125 0.691875 0.09765625 0.07062499999999994
1 0.775234375 0.5536328125 0.11417968750000007 0.08863281249999999
1 0.390625 0.126953125 0.10816406249999999 0.09765625
1 0.2591796875 0.247890625 0.10667968750000001 0.07511718750000002
1 0.0630859375 0.1953125 0.0931640625 0.10515625
1 0.8646484375 0.75796875 0.10367187500000008 0.07960937499999998
1 0.69109375 0.919453125 0.10515625000000006 0.078125
0 0.2433984375 0.311015625 0.08414062499999997 0.06910156249999999
0 0.677578125 0.8503515625 0.09617187500000002 0.07511718750000007
2 0.62875 0.3410546875 0.12167968749999991 0.09316406249999998
2 0.7549609375 0.2726953125 0.12468750000000006 0.1276953125