1 0.4537109375 0.4815234375 0.08414062499999997 0.08261718750000002
0 0.5108203125 0.5130859375 0.08113281249999998 0.07664062500000002
0 0.4334375 0.3560546875 0.09164062500000003 0.08714843750000001
0 0.53109375 0.3403125 0.08261718749999997 0.08863281249999999
2 0.59796875 0.43796875 0.09617187500000002 0.11570312500000002
2 0.16828125 0.13296875 0.09015625 0.10066406249999998
2 0.1276953125 0.3448046875 0.09617187500000002 0.10066406250000004
1 0.8443359375 0.64453125 0.09914062499999998 0.1171875
2 0.806796875 0.7819921875 0.09617187500000002 0.11867187499999998
2 0.7857421875 0.89015625 0.10515625000000006 0.10367187500000008
0 0.5769140625 0.57390625 0.06308593749999991 0.09015624999999994
0 0.5190625 0.5754296875 0.07062499999999994 0.09316406250000009