0 0.6182421875 0.462734375 0.07960937499999998 0.08414062499999997
0 0.550625 0.8744140625 0.07960937499999998 0.09914062499999998
0 0.558125 0.5814453125 0.07664062500000002 0.08113281249999993
0 0.486796875 0.5784375 0.078125 0.09015624999999994
0 0.6340234375 0.96046875 0.08714843750000001 0.07902343750000007
0 0.10140625 0.1765234375 0.12167968749999998 0.10066406249999998
0 0.394375 0.119453125 0.09464843749999996 0.10066406249999998
2 0.4680078125 0.4597265625 0.13371093750000002 0.1171875
2 0.881171875 0.533359375 0.09765625 0.12921874999999994
1 0.6926171875 0.6452734375 0.08714843750000001 0.12167968749999991
1 0.5896875 0.7354296875 0.09765625 0.13371093750000007