0 0.3741015625 0.5596484375 0.09015625000000005 0.08562500000000006
1 0.089375 0.357578125 0.08863281250000002 0.11117187500000003
1 0.8871875 0.357578125 0.11570312500000002 0.09617187500000002
1 0.7902734375 0.1555078125 0.11417968750000007 0.09164062500000002
1 0.9296875 0.04296875 0.1015625 0.0859375
0 0.5791796875 0.76921875 0.08863281249999999 0.10515625000000006
0 0.2373828125 0.7805078125 0.09316406250000003 0.08863281249999999
0 0.8112890625 0.88265625 0.08113281249999993 0.08863281249999999
1 0.92921875 0.8000390625 0.11570312500000002 0.08863281249999999
1 0.0676171875 0.5769140625 0.135234375 0.09015624999999994
1 0.9499609375 0.685078125 0.10007812500000002 0.08714843750000001
2 0.09015625 0.0541015625 0.09015625 0.1081640625