0 0.4071484375 0.7782421875 0.09617187500000002 0.09914062499999998
0 0.638515625 0.389140625 0.08714843750000001 0.09617187500000002
0 0.6986328125 0.8466015625 0.09617187500000002 0.08863281249999999
0 0.861640625 0.96046875 0.10066406249999993 0.07902343750000007
1 0.740703125 0.2764453125 0.09617187500000002 0.10816406249999999
1 0.763203125 0.7001171875 0.10515625000000006 0.11117187499999992
1 0.9405078125 0.074375 0.08714843750000001 0.10367187500000001
1 0.12921875 0.881171875 0.08714843750000001 0.09765625
0 0.1840625 0.8368359375 0.07664062500000002 0.09015624999999994
2 0.1359765625 0.09691406250000001 0.11867187499999998 0.09765625000000001
2 0.3373046875 0.24714843750000004 0.10066406250000004 0.13671875000000003