0 0.7819921875 0.330546875 0.08261718749999991 0.07511718749999996
0 0.384609375 0.2238671875 0.09914062499999998 0.09015624999999997
0 0.75796875 0.138203125 0.09464843750000007 0.08714843750000001
0 0.450703125 0.506328125 0.08113281250000004 0.08714843750000001
1 0.4048828125 0.10667968749999998 0.10367187499999997 0.09015624999999998
1 0.1960546875 0.431171875 0.09164062500000003 0.10515625000000006
1 0.36734375 0.833828125 0.09464843749999996 0.09914062499999998
2 0.5619140625 0.87140625 0.1171875 0.09316406250000009
2 0.53484375 0.706875 0.10214843749999997 0.10367187500000008
2 0.9284765625 0.274921875 0.10214843749999991 0.13820312499999998
2 0.10140625 0.240390625 0.11269531250000002 0.12320312500000002
2 0.3853515625 0.4694921875 0.10367187499999997 0.13070312499999998