0 0.244140625 0.2471484375 0.07960937499999998 0.085625
0 0.4439453125 0.189296875 0.09464843749999996 0.08714843750000001
1 0.763984375 0.1509765625 0.09464843750000007 0.10066406249999998
0 0.7902734375 0.5108203125 0.06910156249999999 0.08414062500000002
0 0.5821875 0.63328125 0.07363281250000009 0.07664062500000002
1 0.423671875 0.8075390625 0.10816406249999999 0.07960937499999998
2 0.52734375 0.721171875 0.08714843750000001 0.11417968750000007
0 0.88265625 0.870625 0.10066406249999993 0.07062499999999994
1 0.92546875 0.7662109375 0.11117187499999992 0.08714843750000001
1 0.9367578125 0.6587890625 0.08562500000000006 0.11570312500000002
1 0.3666015625 0.724921875 0.09617187500000002 0.07363281250000009
1 0.392890625 0.631015625 0.08562499999999995 0.11117187499999992
0 0.5145703125 0.4845312500000001 0.08863281249999999 0.09765625000000006
0 0.4371875 0.4852734375 0.07511718749999996 0.07511718749999996