0 0.404140625 0.5866796875 0.08414062499999997 0.08261718749999991
0 0.373359375 0.3373046875 0.08261718750000002 0.08562500000000006
0 0.130703125 0.1810546875 0.07511718750000002 0.07960937499999998
1 0.46046875 0.22234375 0.09464843750000002 0.08414062499999997
1 0.5866796875 0.6633203125 0.10066406249999993 0.08562500000000006
2 0.1983203125 0.650546875 0.10515625 0.08414062500000008
2 0.2884765625 0.6498046875 0.09015624999999997 0.10367187500000008
2 0.5573828125 0.71890625 0.08714843750000001 0.08863281249999999
2 0.7624609375 0.55515625 0.11269531250000009 0.10066406249999993
2 0.911953125 0.5971875 0.1171875 0.12167968749999991
2 0.1960546875 0.1705078125 0.070625 0.09464843750000002
2 0.71140625 0.0541015625 0.08261718749999991 0.1081640625
1 0.068359375 0.052578125 0.0736328125 0.084140625