0 0.853359375 0.2569140625 0.078125 0.08113281250000001
2 0.81203125 0.295234375 0.10968749999999994 0.09464843749999999
2 0.69484375 0.19003906250000002 0.10066406249999993 0.12769531250000002
2 0.6633203125 0.318515625 0.09164062499999992 0.12320312499999997
0 0.7459375 0.428203125 0.07062499999999994 0.10214843750000002
0 0.80828125 0.394375 0.078125 0.07363281249999998
0 0.8075390625 0.451484375 0.07664062500000002 0.05558593749999996
1 0.329765625 0.73015625 0.08261718750000002 0.09316406250000009
1 0.2569140625 0.72265625 0.07511718749999999 0.10214843749999991
1 0.5896875 0.9209765625 0.11570312500000002 0.10515625000000006
2 0.6745703125 0.7354296875 0.13523437500000002 0.12468750000000006