0 0.44515625 0.79265625 0.0732421875 0.087890625
0 0.3475 0.7161328125 0.09929687499999995 0.08464843750000006
0 0.68359375 0.525703125 0.078125 0.07488281250000006
0 0.3092578125 0.240078125 0.06511718749999995 0.06023437500000001
1 0.372734375 0.224609375 0.08464843749999995 0.08464843750000003
0 0.115546875 0.4695703124999999 0.0813671875 0.07324218749999994
1 0.1399609375 0.5241015625 0.09765625 0.08136718749999994
2 0.26203125 0.584296875 0.1171875 0.12042968749999994
2 0.595703125 0.6990625 0.12042968749999994 0.1025390625
1 0.6925390625 0.6998828125 0.09601562499999994 0.087890625
1 0.89109375 0.8683203125 0.08624999999999994 0.1123046875
1 0.55828125 0.474453125 0.1171875 0.08953124999999995
2 0.7747265625 0.3816796875 0.11394531250000006 0.08625000000000005
1 0.954921875 0.0496484375 0.09015624999999994 0.079765625
1 0.2612109375 0.10984374999999999 0.0830078125 0.09601562499999998