0 0.2569140625 0.5048046875 0.09015625000000002 0.08113281249999998
0 0.71890625 0.63703125 0.07664062500000002 0.078125
1 0.06609375 0.2666796875 0.09914062499999998 0.08562499999999998
1 0.716640625 0.31625 0.08714843750000001 0.07960937499999998
1 0.263671875 0.8488671875 0.08562500000000003 0.09617187500000002
1 0.32375 0.9037109375 0.08261718750000002 0.11269531250000009
1 0.724609375 0.9609375 0.09765625 0.078125
0 0.841328125 0.9172265625 0.06308593749999991 0.07960937499999998
0 0.691875 0.377109375 0.09164062499999992 0.07511718749999996
2 0.9014453125 0.4251953125 0.09617187500000002 0.09914062499999998
2 0.6535546875 0.20359374999999996 0.09914062499999998 0.10667968749999998