1 0.736171875 0.41765625 0.10214843749999991 0.10214843750000002
0 0.5821875 0.3448046875 0.07960937499999998 0.08261718750000002
1 0.306484375 0.306484375 0.1262109375 0.08414062499999997
2 0.1134375 0.2764453125 0.1096875 0.13222656249999998
0 0.30421875 0.4544921875 0.10367187499999997 0.08261718750000002
0 0.3741015625 0.56640625 0.09617187500000002 0.08714843750000001
1 0.701640625 0.7421875 0.1171875 0.09015624999999994
0 0.5025390625 0.91046875 0.07960937499999998 0.10515625000000006
1 0.5934375 0.9465234375 0.10214843749999991 0.10214843749999991
2 0.34328125 0.75046875 0.1276953125 0.10367187500000008
2 0.494296875 0.6730859375 0.10515624999999995 0.1262109375
0 0.1750390625 0.583671875 0.08863281249999999 0.05859375
0 0.174296875 0.521328125 0.06609375 0.06007812499999998
0 0.079609375 0.482265625 0.111171875 0.08414062499999997
0 0.10515625 0.535625 0.08714843750000001 0.06761718750000001
2 0.7316796875 0.2704296875 0.1322265625000001 0.10515624999999998
2 0.927734375 0.314765625 0.10968749999999994 0.10066406250000004
1 0.8428515625 0.178046875 0.1171875 0.09164062500000003
2 0.6197265625 0.0788671875 0.10367187500000008 0.1337109375