2 0.428203125 0.6768359375 0.11417968749999996 0.12167968749999991
0 0.45296875 0.4304296875 0.07664062500000002 0.07363281249999998
0 0.4965625 0.4597265625 0.09164062499999998 0.08113281249999998
0 0.643046875 0.390625 0.09914062499999998 0.10214843750000002
0 0.9375 0.24941406249999998 0.08113281249999993 0.11718749999999997
0 0.1667578125 0.3590625 0.078125 0.09617187500000002
0 0.1885546875 0.08113281250000001 0.08261718749999997 0.09015625000000001
1 0.291484375 0.326015625 0.1171875 0.11117187500000003
1 0.5303515625 0.17953125 0.09617187500000002 0.10667968750000001
1 0.7842578125 0.217109375 0.10515625000000006 0.12167968750000002
1 0.7587109375 0.1134375 0.09914062499999998 0.08261718749999998
1 0.8721484375 0.12546875 0.11269531250000009 0.085625
0 0.4206640625 0.0923828125 0.09316406249999998 0.08261718749999998
1 0.5145703125 0.0593359375 0.09765625 0.115703125
2 0.232109375 0.154765625 0.10367187499999997 0.10214843749999998