1 0.699375 0.353828125 0.07960937499999998 0.09765625
0 0.2238671875 0.2448828125 0.09015624999999997 0.06609375000000003
1 0.4251953125 0.529609375 0.07511718749999996 0.11269531250000003
1 0.16 0.6670703125 0.085625 0.11417968750000007
0 0.5558984375 0.865390625 0.08414062500000008 0.09617187500000002
0 0.603984375 0.818046875 0.08113281249999993 0.09464843750000007
1 0.3117578125 0.401875 0.07960937499999998 0.09765625
1 0.37859375 0.4244140625 0.06910156249999999 0.09765625
2 0.11417968750000002 0.2726953125 0.11718750000000001 0.08261718750000002
2 0.543125 0.0848828125 0.11867187499999998 0.11570312499999999
2 0.9367578125 0.869140625 0.08261718749999991 0.11570312500000002
2 0.869140625 0.91796875 0.11570312500000002 0.12019531249999993