0 0.41390625 0.8165625 0.09164062500000003 0.07960937499999998
0 0.724140625 0.466484375 0.08113281249999993 0.08261718750000002
0 0.2020703125 0.3425390625 0.09464843750000002 0.08414062499999997
0 0.899921875 0.77 0.09316406250000009 0.07664062500000002
0 0.23964843750000003 0.1998046875 0.08863281250000002 0.07511718750000002
1 0.842109375 0.3898828125 0.10667968750000001 0.08562500000000006
1 0.8841796875 0.703125 0.10968749999999994 0.08113281249999993
1 0.3230078125 0.709140625 0.10816406249999999 0.11417968750000007
2 0.5190625 0.1397265625 0.10367187500000002 0.11417968750000002
1 0.63703125 0.4169140625 0.10214843749999991 0.11867187499999998
2 0.3973828125 0.3898828125 0.08863281249999999 0.13070312500000003
2 0.3327734375 0.49054687500000005 0.12167968750000002 0.08863281250000005
2 0.8090625 0.6325 0.11867187499999998 0.09914062499999998
1 0.245625 0.8946875 0.09164062499999998 0.11269531250000009