0 0.543125 0.91796875 0.07062499999999994 0.09617187500000002
0 0.8052734375 0.8210546875 0.08113281249999993 0.08863281249999999
0 0.821796875 0.748203125 0.09617187500000002 0.08113281249999993
0 0.4544921875 0.283203125 0.08863281249999999 0.08562500000000003
0 0.4108984375 0.353828125 0.08562500000000006 0.07664062500000002
1 0.241875 0.5280859375 0.08714843750000001 0.10367187500000002
1 0.73015625 0.501796875 0.08414062500000008 0.09617187500000002
1 0.5536328125 0.447734375 0.08863281249999999 0.12019531249999998
1 0.48078125 0.446953125 0.07210937500000003 0.10066406250000004
1 0.662578125 0.3290234375 0.08414062500000008 0.10214843750000002
1 0.91046875 0.467265625 0.11117187499999992 0.09015624999999994
1 0.724140625 0.045078125 0.08113281249999993 0.09015625
1 0.953125 0.810546875 0.09375 0.08984375
1 0.2779296875 0.8391015625 0.09617187500000002 0.08562500000000006
1 0.5558984375 0.623515625 0.07210937499999992 0.10515625000000006
2 0.0848828125 0.79703125 0.103671875 0.08261718749999991
2 0.1096875 0.3470703125 0.10515625 0.09914062499999998
2 0.1276953125 0.2734375 0.10816406249999999 0.09015624999999997