2 0.22234375 0.567890625 0.10515624999999998 0.08714843750000001
1 0.5971875 0.517578125 0.11269531250000009 0.08863281249999999
2 0.8165625 0.2839453125 0.12167968749999991 0.09015624999999997
2 0.3267578125 0.806796875 0.10367187499999997 0.08414062500000008
0 0.329765625 0.9480078125 0.06160156250000004 0.09015624999999994
2 0.709140625 0.876640625 0.11417968750000007 0.08863281249999999
0 0.2606640625 0.24113281249999996 0.07363281249999998 0.06761718749999998
0 0.313984375 0.2155859375 0.08113281250000004 0.08562500000000003
2 0.49203125 0.103671875 0.08261718750000002 0.12019531249999998
2 0.0398046875 0.0420703125 0.079609375 0.084140625
1 0.15625 0.027812499999999997 0.10515625 0.0555859375