0 0.32828125 0.955546875 0.08261718750000002 0.078125
0 0.5558984375 0.29671875 0.08414062500000008 0.08562499999999995
0 0.8563671875 0.271953125 0.08714843750000001 0.08113281250000001
0 0.43796875 0.3958984375 0.08261718750000002 0.07062499999999994
1 0.3853515625 0.2801953125 0.09765625 0.07664062500000002
1 0.412421875 0.3410546875 0.08562499999999995 0.06609375000000006
1 0.123203125 0.6565625 0.08113281249999998 0.08714843750000001
1 0.349296875 0.72265625 0.09164062500000003 0.078125
1 0.431953125 0.760234375 0.07960937499999998 0.10515625000000006
1 0.8661328125 0.720390625 0.08261718749999991 0.09765625
2 0.6144921875 0.4364453125 0.11417968750000007 0.10968750000000005
2 0.34375 0.044921875 0.109375 0.08984375
1 0.0300390625 0.353046875 0.060078125 0.10515625000000006
0 0.03832031250000001 0.6715625 0.05859375000000001 0.07511718750000007
0 0.416015625 0.97265625 0.06640625 0.0546875