1 0.4259375 0.427421875 0.10367187499999997 0.10968750000000005
0 0.6550390625 0.4409375 0.07210937499999992 0.09164062500000003
2 0.3816015625 0.61671875 0.11117187500000003 0.09464843750000007
0 0.8661328125 0.6377734375 0.08863281249999999 0.09765625
2 0.739921875 0.2779296875 0.08863281249999999 0.12019531250000001
2 0.8894140625 0.3605859375 0.10515625000000006 0.14121093750000002
2 0.8150390625 0.5205859375 0.07960937499999998 0.10667968750000001
1 0.7196484375 0.650546875 0.08414062500000008 0.10214843749999991
2 0.6498046875 0.7346875 0.08261718749999991 0.14421875000000006
2 0.52734375 0.841328125 0.08714843750000001 0.10214843749999991
2 0.4048828125 0.79328125 0.10968749999999994 0.09617187500000002
2 0.49953125 0.6678125 0.08863281249999999 0.09464843750000007
1 0.5513671875 0.5904296875 0.09617187500000002 0.09015624999999994
2 0.8781640625 0.079609375 0.10367187500000008 0.09914062500000001
0 0.2313671875 0.9657421875 0.09316406250000003 0.06851562500000008
0 0.439453125 0.98046875 0.09765625 0.0390625
2 0.9765625 0.158203125 0.046875 0.12109375
0 0.98 0.6550390625 0.03996093750000007 0.12320312500000008