1 0.3568359375 0.748203125 0.10667968750000001 0.08714843750000001
0 0.5964453125 0.775234375 0.07511718750000007 0.09316406250000009
0 0.103671875 0.9322265625 0.09617187500000002 0.09464843750000007
1 0.720390625 0.8976953125 0.07664062500000002 0.10367187500000008
2 0.75796875 0.76546875 0.10066406249999993 0.11269531250000009
1 0.7925 0.5829296875 0.10968749999999994 0.08414062500000008
1 0.55890625 0.51609375 0.1171875 0.08863281249999999
1 0.7354296875 0.373359375 0.09164062499999992 0.10968750000000005
1 0.353828125 0.404140625 0.10367187499999997 0.08113281250000004
0 0.3718359375 0.5205859375 0.08863281249999999 0.09464843750000002
1 0.0908984375 0.306484375 0.09464843749999999 0.09914062499999998
2 0.6144921875 0.0480859375 0.12921874999999994 0.096171875
2 0.4011328125 0.3072265625 0.13820312499999998 0.10066406250000004
1 0.8954296875 0.0931640625 0.08714843750000001 0.09617187500000002
0 0.9732421875 0.107421875 0.05347656249999999 0.08863281249999999