0 0.4875390625 0.638515625 0.08261718749999997 0.07511718750000007
0 0.724921875 0.697109375 0.07363281250000009 0.06910156249999999
0 0.62875 0.4447265625 0.08562500000000006 0.08113281250000004
0 0.6828515625 0.3403125 0.07960937499999998 0.10367187499999997
0 0.0360546875 0.2809375 0.072109375 0.07210937500000003
1 0.1126953125 0.1434765625 0.08113281249999998 0.10367187500000001
1 0.1509765625 0.220859375 0.08863281249999999 0.08113281249999998
1 0.6325 0.048828125 0.08113281249999993 0.09765625
1 0.06609375 0.46125 0.08113281249999998 0.07210937500000003
1 0.2846875 0.7549609375 0.07960937499999998 0.10667968750000001
1 0.3876171875 0.896953125 0.09914062499999998 0.078125
1 0.755703125 0.2471484375 0.07511718750000007 0.08261718749999997
2 0.8871875 0.2508984375 0.09765625 0.10816406249999999
1 0.14796875 0.4619921875 0.08863281249999999 0.11269531249999998
1 0.193046875 0.587421875 0.070625 0.078125
1 0.16 0.6242578125 0.08261718749999998 0.07062499999999994
2 0.517578125 0.962890625 0.11328125 0.07421875
2 0.4755078125 0.17578125 0.10367187499999997 0.09316406249999998
2 0.9559765625 0.09390625 0.08804687500000008 0.13070312499999998
2 0.877421875 0.09015625 0.08714843750000001 0.14121093750000002