0 0.945 0.6452734375 0.08714843750000001 0.08562500000000006
0 0.2959765625 0.333515625 0.08414062499999997 0.09015624999999994
0 0.3620703125 0.3373046875 0.08113281250000004 0.09464843749999996
0 0.4056640625 0.533359375 0.09015624999999994 0.09316406250000003
0 0.232109375 0.64453125 0.06761718750000001 0.08414062500000008
0 0.3508203125 0.9405078125 0.07664062500000002 0.08113281249999993
0 0.0736328125 0.14046875 0.09617187500000002 0.07664062500000002
1 0.392109375 0.17578125 0.1171875 0.08714843750000001
0 0.28546875 0.67984375 0.08714843750000001 0.08863281249999999
2 0.075859375 0.866875 0.0826171875 0.1171875
2 0.3590625 0.6753125 0.08714843750000001 0.11867187499999998
2 0.4537109375 0.643046875 0.09015624999999994 0.10816406249999999
2 0.7346875 0.7098828125 0.08714843750000001 0.11570312500000002
0 0.03125 0.966796875 0.0625 0.06640625
1 0.04132812500000001 0.0390625 0.0826171875 0.078125