0 0.353828125 0.197578125 0.09164062500000003 0.085625
0 0.029296875 0.525390625 0.05859375 0.07421875
0 0.06609375 0.5656640625 0.07511718750000002 0.09164062499999992
0 0.251640625 0.5123046875 0.09164062500000003 0.08414062500000002
1 0.939765625 0.724140625 0.10367187500000008 0.08414062500000008
1 0.697109375 0.79328125 0.11117187499999992 0.08414062500000008
1 0.936015625 0.3448046875 0.08714843750000001 0.10066406250000004
2 0.368828125 0.3478125 0.09464843749999996 0.10968750000000005
2 0.6084765625 0.427421875 0.1322265625000001 0.13671875
2 0.2982421875 0.447734375 0.08562500000000006 0.10816406249999999
2 0.1900390625 0.3117578125 0.11867187499999998 0.09464843749999996
2 0.2937109375 0.2862109375 0.11867187499999998 0.08863281249999999
2 0.2583984375 0.048828125 0.08113281250000001 0.09765625
2 0.4792578125 0.87890625 0.11417968750000002 0.09617187500000002
2 0.853359375 0.8856640625 0.12019531249999993 0.08863281249999999
2 0.6888671875 0.923984375 0.10968749999999994 0.11117187499999992