2 0.7038671875 0.173515625 0.10367187500000008 0.1276953125
1 0.8203125 0.16828125 0.12019531249999993 0.10816406249999999
1 0.8871875 0.380859375 0.08562500000000006 0.10667968750000001
0 0.7023828125 0.6670703125 0.07062499999999994 0.09617187500000002
0 0.7684765625 0.67234375 0.07664062500000002 0.10066406249999993
2 0.95671875 0.638515625 0.08652343749999991 0.10515625000000006
0 0.2591796875 0.606953125 0.09464843749999999 0.08714843750000001
0 0.48828125 0.32 0.10214843749999997 0.07511718749999996
1 0.1322265625 0.4033984375 0.11117187499999999 0.08863281249999999
2 0.423671875 0.787265625 0.11417968749999996 0.10816406249999999
1 0.5130859375 0.888671875 0.10667968750000001 0.08863281249999999
2 0.2313671875 0.8954296875 0.12019531249999998 0.09914062499999998
1 0.326015625 0.951015625 0.11117187500000003 0.09015624999999994
1 0.37109375 0.3568359375 0.08714843750000001 0.10367187499999997
1 0.138984375 0.14875 0.09765625 0.11117187500000002
2 0.201328125 0.283203125 0.13523437499999996 0.09464843749999999
0 0.0593359375 0.5498828125 0.076640625 0.09015624999999994
0 0.1059375 0.5769140625 0.07664062499999999 0.09015624999999994
0 0.02328125 0.4973046875 0.0465625 0.078125