1 0.26203125 0.572109375 0.11394531249999998 0.1025390625
1 0.3515625 0.599765625 0.078125 0.11882812500000006
0 0.447578125 0.4622265625 0.078125 0.06511718749999995
1 0.44515625 0.4012109375 0.0927734375 0.0732421875
2 0.615234375 0.1025390625 0.11066406249999994 0.1237109375
2 0.5509375 0.68359375 0.09929687500000006 0.1171875
2 0.7804296875 0.83578125 0.08953125000000006 0.12531249999999994
2 0.908203125 0.5769921875 0.10089843749999994 0.13835937500000006
1 0.5419921875 0.80890625 0.11066406249999994 0.08464843750000006
2 0.9366796875 0.043125 0.08953125000000006 0.08625
2 0.05613281249999999 0.92609375 0.096015625 0.1171875