1 0.6144921875 0.9014453125 0.08414062500000008 0.11417968750000007
1 0.625 0.6768359375 0.09015624999999994 0.10066406249999993
1 0.5243359375 0.724140625 0.12019531249999998 0.08714843750000001
1 0.1840625 0.682109375 0.085625 0.09316406250000009
2 0.20359375 0.56265625 0.1096875 0.10066406249999993
2 0.8541015625 0.521328125 0.09464843750000007 0.13222656250000003
2 0.135234375 0.2043359375 0.09617187500000002 0.12921874999999997
2 0.3898828125 0.145 0.1276953125 0.11269531250000002
2 0.755703125 0.193828125 0.1262109375 0.10515625
1 0.6294921875 0.29671875 0.09015624999999994 0.10066406250000001
1 0.6978515625 0.2846875 0.08562500000000006 0.09765625