0 0.681328125 0.274921875 0.08261718749999991 0.08714843750000001
0 0.4965625 0.353828125 0.08261718749999997 0.07062500000000005
0 0.428203125 0.369609375 0.078125 0.08714843750000001
0 0.275703125 0.6550390625 0.08562499999999998 0.08113281249999993
0 0.208828125 0.740703125 0.09316406250000003 0.08714843750000001
0 0.892421875 0.6573046875 0.078125 0.10066406249999993
1 0.6648046875 0.9375 0.10367187500000008 0.08414062500000008
1 0.626484375 0.435703125 0.09914062499999998 0.10515624999999995
1 0.1878125 0.5866796875 0.10515625 0.12167968749999991
2 0.6685546875 0.5123046875 0.12320312500000008 0.08414062500000002
2 0.2193359375 0.965 0.12019531249999998 0.07000000000000006