0 0.7865234375 0.61296875 0.09765625 0.09617187500000002
1 0.677578125 0.721171875 0.1171875 0.11417968750000007
1 0.2839453125 0.576171875 0.11117187500000003 0.09464843750000007
1 0.48 0.622734375 0.12468750000000006 0.09765625
2 0.4544921875 0.353046875 0.10367187500000002 0.08414062499999997
0 0.28171875 0.119453125 0.10066406250000001 0.09765625
0 0.3373046875 0.2253515625 0.11570312500000002 0.10515625000000003
0 0.446953125 0.2809375 0.10367187499999997 0.06609374999999998
1 0.6009765625 0.1532421875 0.1322265625000001 0.09015625
1 0.8135546875 0.1878125 0.08863281249999999 0.12921875000000002
0 0.7534375 0.208828125 0.08562500000000006 0.10214843749999997
1 0.6888671875 0.107421875 0.08261718749999991 0.13371093749999996