1 0.6888671875 0.4499609375 0.09765625 0.10066406249999998
2 0.5731640625 0.2621875 0.08261718749999991 0.10066406250000001
0 0.5971875 0.3470703125 0.07363281250000009 0.08714843750000001
0 0.546875 0.8060546875 0.078125 0.08261718749999991
0 0.401875 0.9269921875 0.08863281249999999 0.10214843749999991
0 0.8240625 0.8195703125 0.09765625 0.07960937499999998
0 0.920234375 0.851875 0.08261718749999991 0.09914062499999998
1 0.7842578125 0.94953125 0.09914062499999998 0.09015624999999994
2 0.24265625 0.603203125 0.11269531250000003 0.12468750000000006
0 0.06234375 0.8345703125 0.085625 0.08863281249999999
1 0.17578125 0.83609375 0.09617187500000002 0.10066406249999993
0 0.24640625 0.697109375 0.10515624999999998 0.08113281249999993