2 0.05109375000000001 0.2433984375 0.072109375 0.11417968749999999
2 0.4266796875 0.099921875 0.09617187500000002 0.12167968750000001
0 0.56265625 0.068359375 0.07363281250000009 0.0826171875
2 0.4184375 0.545390625 0.10667968750000001 0.08714843750000001
2 0.1960546875 0.56265625 0.09464843750000002 0.12167968749999991
0 0.4822656249999999 0.842109375 0.08714843749999995 0.08261718749999991
1 0.2997265625 0.8165625 0.09765625 0.11570312500000002
1 0.28171875 0.7181640625 0.10066406250000001 0.08714843750000001
2 0.4146484375 0.71515625 0.11417968749999996 0.13523437500000002
1 0.3267578125 0.6498046875 0.09765625 0.10968749999999994
0 0.860859375 0.7842578125 0.07210937499999992 0.11117187499999992
1 0.9037109375 0.634765625 0.08562500000000006 0.10066406249999993
2 0.7429296875 0.482265625 0.13371093750000007 0.12019531250000004
1 0.9525390625 0.44546875 0.08113281249999993 0.11269531249999998
1 0.62125 0.5416015625 0.08562500000000006 0.11867187499999998
2 0.685078125 0.8158203125 0.1262109375 0.09316406250000009
2 0.787265625 0.8526171875 0.11117187499999992 0.09164062499999992