1 0.4484765625 0.18328125 0.08261718750000002 0.09617187500000002
0 0.3478125 0.338046875 0.09164062500000003 0.08113281250000004
2 0.5040625 0.3741015625 0.11269531250000003 0.10214843750000002
1 0.2666796875 0.486015625 0.11570312500000002 0.09164062500000003
0 0.60171875 0.92921875 0.08261718749999991 0.07664062500000002
1 0.302734375 0.9344921875 0.11269531249999998 0.09316406250000009
1 0.259921875 0.736171875 0.09617187500000002 0.1262109375
1 0.501796875 0.728671875 0.12019531249999998 0.08714843750000001
0 0.44921875 0.658046875 0.09316406249999998 0.09316406250000009
1 0.3523046875 0.60171875 0.10667968750000001 0.10968749999999994
1 0.3177734375 0.6866015625 0.09164062500000003 0.08714843750000001
0 0.695625 0.045078125 0.09914062499999998 0.07511718750000002
0 0.16828125 0.0360546875 0.1262109375 0.072109375