0 0.5461328125 0.8128125 0.08863281249999999 0.08414062500000008
1 0.1419921875 0.4184375 0.10667968750000001 0.08863281249999999
1 0.7098828125 0.1246875 0.10667968750000001 0.09617187500000002
1 0.9247265625 0.0969140625 0.09464843750000007 0.091640625
1 0.244140625 0.732421875 0.10968749999999997 0.08863281249999999
1 0.591953125 0.7181640625 0.11417968750000007 0.09914062499999998
1 0.720390625 0.627265625 0.09464843750000007 0.12468750000000006
2 0.46125000000000005 0.056328125 0.12621093750000006 0.0886328125
2 0.6715625 0.4792578125 0.12921874999999994 0.10214843749999997
1 0.8586328125 0.4184375 0.10667968750000001 0.09164062500000003
2 0.810546875 0.3583203125 0.11269531250000009 0.07664062500000002
2 0.2629296875 0.0773828125 0.13222656249999998 0.1126953125
2 0.107421875 0.8894140625 0.12167968750000001 0.09316406250000009