0 0.322265625 0.6328125 0.08203125 0.109375
0 0.904296875 0.1171875 0.06640625 0.1015625
0 0.9609375 0.1171875 0.0546875 0.109375
0 0.541015625 0.310546875 0.07421875 0.10546875
1 0.109375 0.724609375 0.1171875 0.11328125
1 0.509765625 0.841796875 0.10546875 0.08984375
1 0.931640625 0.908203125 0.10546875 0.11328125
2 0.94140625 0.81640625 0.109375 0.1015625
2 0.37890625 0.859375 0.1328125 0.1328125
2 0.884765625 0.2421875 0.12890625 0.125
2 0.58984375 0.0859375 0.125 0.1328125
2 0.099609375 0.07421875 0.15234375 0.0859375
2 0.22265625 0.41015625 0.1171875 0.140625
1 0.603515625 0.298828125 0.10546875 0.12109375
