0 0.111328125 0.95703125 0.06640625 0.078125
0 0.169921875 0.958984375 0.05859375 0.07421875
0 0.818359375 0.435546875 0.07421875 0.10546875
0 0.7109375 0.41796875 0.078125 0.078125
0 0.755859375 0.45703125 0.05859375 0.1015625
0 0.39453125 0.64453125 0.140625 0.09375
0 0.314453125 0.466796875 0.13671875 0.08984375
0 0.064453125 0.498046875 0.11328125 0.12109375
0 0.421875 0.203125 0.109375 0.109375
2 0.77734375 0.232421875 0.1640625 0.12109375
2 0.74609375 0.734375 0.1484375 0.09375
2 0.4609375 0.822265625 0.1640625 0.10546875
2 0.908203125 0.728515625 0.10546875 0.12890625
