0 0.35546875 0.59765625 0.078125 0.09375
0 0.1171875 0.8203125 0.0703125 0.0859375
0 0.1796875 0.810546875 0.078125 0.09765625
0 0.265625 0.734375 0.1015625 0.0859375
0 0.576171875 0.201171875 0.11328125 0.08203125
1 0.658203125 0.095703125 0.08203125 0.09765625
0 0.59765625 0.716796875 0.0703125 0.07421875
1 0.5703125 0.76171875 0.09375 0.0859375
1 0.03515625 0.134765625 0.0703125 0.11328125
2 0.220703125 0.525390625 0.09765625 0.09765625
2 0.732421875 0.193359375 0.09765625 0.10546875
2 0.318359375 0.076171875 0.08984375 0.12890625
