0 0.138671875 0.21484375 0.07421875 0.0703125
0 0.671875 0.876953125 0.078125 0.08203125
0 0.25390625 0.873046875 0.0703125 0.08203125
0 0.197265625 0.888671875 0.07421875 0.08984375
0 0.7109375 0.912109375 0.0859375 0.08984375
1 0.705078125 0.408203125 0.10546875 0.10546875
1 0.88671875 0.380859375 0.109375 0.08984375
1 0.541015625 0.0390625 0.09765625 0.078125
1 0.029296875 0.6875 0.05859375 0.125
1 0.1171875 0.15625 0.109375 0.0859375
1 0.279296875 0.1953125 0.07421875 0.1015625
1 0.208984375 0.1953125 0.06640625 0.1171875
2 0.3515625 0.505859375 0.109375 0.13671875
2 0.703125 0.52734375 0.109375 0.125
