0 0.486328125 0.5078125 0.08203125 0.09375
0 0.150390625 0.958984375 0.12109375 0.07421875
0 0.6328125 0.51953125 0.0625 0.09375
0 0.689453125 0.517578125 0.06640625 0.08984375
1 0.74609375 0.369140625 0.1015625 0.10546875
1 0.8828125 0.4609375 0.109375 0.09375
1 0.42578125 0.7578125 0.109375 0.09375
1 0.541015625 0.064453125 0.08984375 0.10546875
1 0.62109375 0.095703125 0.09375 0.12109375
1 0.720703125 0.873046875 0.10546875 0.09765625
1 0.775390625 0.837890625 0.10546875 0.12890625
1 0.333984375 0.466796875 0.08984375 0.11328125
1 0.3984375 0.494140625 0.0859375 0.10546875
1 0.451171875 0.556640625 0.10546875 0.09765625
0 0.130859375 0.419921875 0.09765625 0.08203125
0 0.091796875 0.462890625 0.09765625 0.08984375
