0 0.171875 0.615234375 0.09375 0.08984375
0 0.22265625 0.64453125 0.078125 0.0859375
0 0.16796875 0.6953125 0.0703125 0.078125
0 0.220703125 0.720703125 0.08203125 0.08203125
0 0.02734375 0.6640625 0.0546875 0.1015625
1 0.384765625 0.39453125 0.08984375 0.1171875
1 0.640625 0.71484375 0.1015625 0.125
1 0.939453125 0.3671875 0.09765625 0.109375
1 0.494140625 0.177734375 0.09765625 0.11328125
1 0.55859375 0.154296875 0.09375 0.10546875
1 0.654296875 0.322265625 0.11328125 0.10546875
1 0.7109375 0.552734375 0.1015625 0.10546875
2 0.08203125 0.046875 0.1328125 0.09375
