0 0.341796875 0.732421875 0.07421875 0.09765625
0 0.404296875 0.724609375 0.08203125 0.10546875
0 0.71875 0.90625 0.0859375 0.0859375
0 0.779296875 0.8828125 0.08203125 0.0859375
0 0.8046875 0.94921875 0.0703125 0.0859375
0 0.755859375 0.962890625 0.07421875 0.06640625
0 0.119140625 0.228515625 0.06640625 0.08203125
0 0.18359375 0.234375 0.0703125 0.1015625
0 0.705078125 0.375 0.08203125 0.1015625
0 0.7578125 0.34765625 0.078125 0.0859375
0 0.779296875 0.224609375 0.07421875 0.08203125
0 0.837890625 0.244140625 0.07421875 0.09765625
1 0.064453125 0.5234375 0.12109375 0.1171875
1 0.443359375 0.458984375 0.08984375 0.12109375
1 0.310546875 0.890625 0.08984375 0.125
1 0.1875 0.771484375 0.1171875 0.10546875
1 0.6875 0.20703125 0.09375 0.1171875
1 0.2734375 0.20703125 0.125 0.1171875
2 0.169921875 0.0625 0.13671875 0.125
2 0.91796875 0.146484375 0.125 0.13671875
2 0.859375 0.501953125 0.125 0.15234375
2 0.1484375 0.669921875 0.1171875 0.12890625
2 0.53515625 0.15234375 0.1015625 0.1328125
