0 0.65234375 0.27734375 0.0859375 0.09375
0 0.8125 0.58984375 0.09375 0.0859375
1 0.412109375 0.669921875 0.08984375 0.11328125
1 0.314453125 0.748046875 0.09765625 0.08984375
0 0.140625 0.16796875 0.078125 0.0859375
1 0.1875 0.201171875 0.09375 0.08984375
2 0.423828125 0.279296875 0.08984375 0.12109375
2 0.173828125 0.716796875 0.08984375 0.11328125
2 0.185546875 0.8125 0.12890625 0.0859375
2 0.177734375 0.88671875 0.11328125 0.09375
2 0.6171875 0.052734375 0.0859375 0.10546875
1 0.70703125 0.078125 0.0859375 0.09375
2 0.947265625 0.068359375 0.09765625 0.12890625
