0 0.427734375 0.9140625 0.11328125 0.0859375
0 0.240234375 0.615234375 0.10546875 0.08984375
1 0.23828125 0.54296875 0.109375 0.0859375
0 0.595703125 0.92578125 0.08203125 0.0859375
1 0.630859375 0.876953125 0.08984375 0.08984375
0 0.296875 0.091796875 0.0859375 0.06640625
0 0.298828125 0.162109375 0.10546875 0.08984375
2 0.34375 0.25390625 0.1171875 0.140625
2 0.544921875 0.14453125 0.12109375 0.1328125
2 0.798828125 0.3828125 0.11328125 0.1015625
2 0.798828125 0.658203125 0.09765625 0.13671875
2 0.03125 0.78515625 0.0625 0.109375
2 0.056640625 0.921875 0.11328125 0.125
