0 0.095703125 0.830078125 0.10546875 0.07421875
0 0.240234375 0.8125 0.07421875 0.0859375
1 0.294921875 0.837890625 0.08203125 0.08984375
2 0.154296875 0.55859375 0.11328125 0.09375
1 0.07421875 0.736328125 0.09375 0.09765625
1 0.40625 0.28125 0.1015625 0.0859375
2 0.484375 0.056640625 0.109375 0.11328125
2 0.544921875 0.16015625 0.09765625 0.140625
2 0.63671875 0.498046875 0.125 0.12890625
1 0.8046875 0.400390625 0.1015625 0.12890625
2 0.875 0.546875 0.140625 0.1171875
0 0.923828125 0.138671875 0.06640625 0.08984375
