0 0.6328125 0.712890625 0.078125 0.08203125
0 0.9375 0.783203125 0.0859375 0.07421875
0 0.802734375 0.416015625 0.08203125 0.07421875
1 0.806640625 0.34765625 0.12890625 0.078125
1 0.236328125 0.38671875 0.10546875 0.0859375
1 0.220703125 0.453125 0.10546875 0.0859375
1 0.08203125 0.724609375 0.109375 0.10546875
2 0.3515625 0.234375 0.125 0.09375
2 0.478515625 0.126953125 0.12890625 0.10546875
2 0.408203125 0.759765625 0.12109375 0.09765625
2 0.130859375 0.888671875 0.12109375 0.10546875
1 0.798828125 0.0546875 0.12890625 0.1015625
0 0.259765625 0.12109375 0.08984375 0.078125
1 0.212890625 0.08984375 0.09765625 0.109375
