0 0.513671875 0.220703125 0.08984375 0.10546875
1 0.595703125 0.861328125 0.09765625 0.10546875
1 0.765625 0.8984375 0.1015625 0.1015625
1 0.40625 0.4609375 0.109375 0.0859375
1 0.419921875 0.533203125 0.08984375 0.08203125
2 0.4765625 0.697265625 0.140625 0.15234375
2 0.55078125 0.09375 0.125 0.125
2 0.154296875 0.08984375 0.12890625 0.1484375
1 0.341796875 0.181640625 0.10546875 0.11328125
2 0.939453125 0.21484375 0.09765625 0.1328125
0 0.51953125 0.58984375 0.0703125 0.09375
0 0.572265625 0.56640625 0.08984375 0.09375
