0 0.623046875 0.853515625 0.10546875 0.09765625
1 0.384765625 0.68359375 0.11328125 0.09375
1 0.369140625 0.740234375 0.12890625 0.08984375
1 0.509765625 0.359375 0.09765625 0.125
1 0.693359375 0.337890625 0.08984375 0.12109375
1 0.693359375 0.734375 0.11328125 0.109375
1 0.1328125 0.7421875 0.0859375 0.1328125
1 0.1640625 0.32421875 0.1015625 0.1015625
0 0.71875 0.65625 0.09375 0.0703125
1 0.728515625 0.59375 0.13671875 0.0703125
2 0.05859375 0.439453125 0.1171875 0.08984375
2 0.0703125 0.279296875 0.0859375 0.12890625
2 0.75 0.052734375 0.1015625 0.10546875
2 0.921875 0.6640625 0.1015625 0.1328125
