0 0.83203125 0.71484375 0.078125 0.1015625
0 0.89453125 0.73046875 0.0703125 0.1015625
0 0.783203125 0.458984375 0.08984375 0.09765625
0 0.8359375 0.42578125 0.0859375 0.09375
0 0.58203125 0.404296875 0.1015625 0.08984375
1 0.19140625 0.759765625 0.1171875 0.09765625
1 0.400390625 0.349609375 0.10546875 0.10546875
1 0.828125 0.919921875 0.109375 0.12109375
2 0.546875 0.33984375 0.1171875 0.09375
2 0.66796875 0.248046875 0.1171875 0.10546875
1 0.951171875 0.099609375 0.08984375 0.11328125
1 0.794921875 0.19140625 0.09765625 0.109375
