0 0.23828125 0.3984375 0.09375 0.078125
0 0.21484375 0.4609375 0.1015625 0.0859375
1 0.77734375 0.115234375 0.1015625 0.11328125
1 0.82421875 0.23828125 0.1171875 0.09375
1 0.8359375 0.3125 0.1328125 0.078125
1 0.294921875 0.765625 0.10546875 0.1171875
0 0.72265625 0.845703125 0.0703125 0.10546875
0 0.78515625 0.853515625 0.0703125 0.10546875
2 0.36328125 0.146484375 0.109375 0.12890625
2 0.345703125 0.419921875 0.12890625 0.10546875
2 0.8046875 0.5703125 0.1015625 0.1171875
2 0.4921875 0.72265625 0.1015625 0.1328125
2 0.55078125 0.8828125 0.1328125 0.140625
1 0.138671875 0.912109375 0.08203125 0.12109375
2 0.189453125 0.775390625 0.09765625 0.11328125
2 0.95703125 0.80859375 0.078125 0.1171875
