2 0.88671875 0.47265625 0.109375 0.125
1 0.5625 0.349609375 0.078125 0.11328125
0 0.69140625 0.24609375 0.078125 0.0859375
1 0.751953125 0.2265625 0.07421875 0.1015625
1 0.2265625 0.71484375 0.09375 0.0859375
1 0.158203125 0.6015625 0.07421875 0.09375
1 0.419921875 0.625 0.11328125 0.1171875
0 0.666015625 0.642578125 0.06640625 0.08203125
1 0.62109375 0.619140625 0.0703125 0.07421875
1 0.28125 0.45703125 0.0703125 0.109375
1 0.208984375 0.439453125 0.08203125 0.08984375
2 0.095703125 0.236328125 0.08203125 0.12109375
0 0.544921875 0.0625 0.06640625 0.0859375
2 0.25390625 0.197265625 0.1171875 0.08984375
1 0.931640625 0.287109375 0.10546875 0.09765625
