2 0.6022265625 0.509453125 0.10417968750000006 0.1171875
2 0.2840234375 0.4288671875 0.09929687499999998 0.1416015625
2 0.408515625 0.22296875 0.078125 0.10417968749999998
2 0.3759765625 0.7291796875 0.10089843749999994 0.10417968750000006
2 0.361328125 0.8121875 0.08136718749999994 0.09113281249999994
2 0.4150390625 0.8471484375 0.10417968750000006 0.10906250000000006
1 0.4386328125 0.9415625 0.0927734375 0.1025390625
1 0.662421875 0.3450390625 0.11066406249999994 0.12371093749999995
0 0.5867578125 0.633125 0.1025390625 0.09113281249999994
0 0.7706640625 0.73 0.09929687500000006 0.0830078125
0 0.814609375 0.693359375 0.08953125000000006 0.087890625