2 0.4638671875 0.1708984375 0.11394531250000006 0.087890625
0 0.8349609375 0.1090625 0.078125 0.068359375
0 0.48992187500000006 0.5476953125 0.08789062500000006 0.06671874999999994
1 0.2897265625 0.287265625 0.107421875 0.0830078125
1 0.466328125 0.2766796875 0.08624999999999994 0.09441406249999998
1 0.838203125 0.3003125 0.07160156249999994 0.09929687500000006
1 0.693359375 0.7120703125 0.07488281250000006 0.10578124999999994
0 0.9622265625 0.87890625 0.07550781249999994 0.06511718750000006
0 0.5631640625 0.1749609375 0.087890625 0.07
0 0.189609375 0.107421875 0.07 0.0911328125
0 0.2701953125 0.09765625 0.07488281249999998 0.05535156250000001
0 0.2653125 0.1497265625 0.09441406249999998 0.0651171875
0 0.314453125 0.970703125 0.08984375 0.05859375