0 0.9383203125 0.85125 0.0830078125 0.09441406250000006
0 0.4174609375 0.08625 0.08953125000000006 0.0944140625
0 0.5940625 0.1985546875 0.09113281249999994 0.0748828125
1 0.72265625 0.1008984375 0.08464843750000006 0.107421875
1 0.3271484375 0.22867187499999997 0.09441406250000006 0.07324218749999997
1 0.170078125 0.2864453125 0.099296875 0.07488281249999998
1 0.599765625 0.693359375 0.0634765625 0.08136718749999994
1 0.6591796875 0.6827734375 0.068359375 0.0732421875
2 0.3857421875 0.6925390625 0.126953125 0.09929687500000006
2 0.5501171875 0.53875 0.126953125 0.107421875
1 0.7844921875 0.48015625 0.11066406249999994 0.10417968749999995
0 0.9793359375 0.1399609375 0.04132812499999994 0.087890625