0 0.2897265625 0.6298828125 0.09765625 0.07160156249999994
0 0.1708984375 0.4264453125 0.087890625 0.078125
0 0.9334375 0.782890625 0.08953125000000006 0.078125
0 0.7592578125 0.4012109375 0.07000000000000006 0.09929687499999995
0 0.8984375 0.3759765625 0.078125 0.07488281250000006
0 0.1163671875 0.0805859375 0.096015625 0.0732421875
0 0.4972265625 0.04152343750000001 0.08625000000000005 0.0634765625
0 0.4622265625 0.091953125 0.09113281250000005 0.0830078125
1 0.814609375 0.4150390625 0.06023437500000006 0.09765625
1 0.53875 0.1749609375 0.09441406250000006 0.099296875
1 0.3637890625 0.8528515625 0.09929687500000006 0.08136718749999994
1 0.2921484375 0.8821484375 0.10578125000000002 0.087890625
1 0.0260546875 0.8740234375 0.05207031250000001 0.11066406249999994