0 0.9350390625 0.511875 0.07648437499999994 0.06023437500000001
0 0.400390625 0.1399609375 0.08136718749999994 0.0748828125
0 0.5167578125 0.2384375 0.0830078125 0.08625
0 0.7763671875 0.584296875 0.07160156249999994 0.08464843750000006
0 0.8406640625 0.6770703125 0.08953125000000006 0.068359375
0 0.834140625 0.6127734375 0.08624999999999994 0.07976562500000006
1 0.5948828125 0.8390234375 0.1025390625 0.10906250000000006
0 0.107421875 0.3116796875 0.0748828125 0.07648437500000005
1 0.1139453125 0.244140625 0.1204296875 0.07488281250000003
1 0.248203125 0.4345703125 0.099296875 0.11394531250000006
2 0.6998828125 0.9464453125 0.12042968749999994 0.0927734375
2 0.279140625 0.8154296875 0.11554687500000002 0.10089843749999994
2 0.90984375 0.34421875 0.11394531250000006 0.1025390625
2 0.6494140625 0.5476953125 0.11394531250000006 0.07976562500000006
2 0.61765625 0.3784375 0.09929687500000006 0.10906250000000006
2 0.2742578125 0.1399609375 0.11554687500000002 0.0813671875
2 0.22214843750000002 0.517578125 0.12207031250000003 0.10417968750000006
2 0.5696484375 0.2856640625 0.11394531250000006 0.0830078125