0 0.4744531249999999 0.252265625 0.08300781249999994 0.07488281249999998
0 0.912265625 0.53140625 0.09601562499999994 0.07648437499999994
0 0.11472656249999999 0.8203125 0.09601562499999998 0.068359375
0 0.638828125 0.2018359375 0.0830078125 0.087890625
1 0.248203125 0.84390625 0.096015625 0.07976562500000006
1 0.5126953125 0.7942578125 0.10089843749999994 0.07160156249999994
1 0.681953125 0.9399609375 0.09765625 0.1025390625
1 0.2547265625 0.1904296875 0.08625000000000002 0.1008984375
1 0.306796875 0.216484375 0.0927734375 0.09113281250000002
2 0.0968359375 0.662421875 0.118828125 0.107421875
2 0.5444140625 0.583515625 0.1123046875 0.0927734375