2 0.30125 0.7181640625 0.08562500000000006 0.10816406249999999
2 0.732421875 0.7819921875 0.10066406249999993 0.10367187500000008
0 0.3755859375 0.47625 0.08414062499999997 0.09316406249999998
0 0.42578125 0.033203125 0.1015625 0.06640625
0 0.2982421875 0.0345703125 0.09164062500000003 0.0691015625
2 0.560390625 0.2118359375 0.13523437500000002 0.08414062500000002
2 0.860859375 0.130703125 0.12019531249999993 0.08714843750000001
2 0.349296875 0.3545703125 0.10367187499999997 0.09914062499999998
2 0.42140625 0.2336328125 0.10968749999999994 0.09164062500000003
2 0.8548828125 0.8060546875 0.09015624999999994 0.10367187500000008
0 0.02703125 0.966484375 0.05109375000000001 0.06699218749999991