1 0.705390625 0.1878125 0.10968749999999994 0.13222656249999998
1 0.4575 0.5814453125 0.11269531250000003 0.078125
0 0.876640625 0.1059375 0.09765625 0.09464843749999999
0 0.3365234375 0.3778515625 0.09617187500000002 0.09164062500000003
2 0.643046875 0.43195312499999994 0.11417968750000007 0.13671874999999994
2 0.2899609375 0.6325 0.11417968749999999 0.1171875
2 0.767734375 0.8916796875 0.11417968750000007 0.10968749999999994
1 0.67984375 0.7001171875 0.11570312500000002 0.08714843750000001
0 0.681328125 0.631015625 0.10066406249999993 0.08714843750000001
0 0.17578125 0.7624609375 0.11117187500000002 0.08863281249999999
2 0.5078125 0.866875 0.09617187500000002 0.12921874999999994