0 0.35984375 0.08714843749999998 0.08562500000000006 0.09015624999999998
0 0.22761718750000004 0.5926953125 0.07960937500000001 0.08562500000000006
0 0.359375 0.95703125 0.0703125 0.0859375
1 0.7466796875 0.49203125 0.10214843749999991 0.08562499999999995
1 0.259921875 0.46499999999999997 0.08113281250000001 0.10667968749999995
1 0.67234375 0.900703125 0.08562500000000006 0.11269531250000009
2 0.119453125 0.935234375 0.10667968750000001 0.12167968749999991
2 0.1525 0.5731640625 0.08863281249999999 0.11269531250000009
2 0.842109375 0.25390625 0.10968749999999994 0.12019531250000001
2 0.251640625 0.1337109375 0.09464843749999999 0.11117187499999999
2 0.857890625 0.6926171875 0.13523437500000002 0.10816406249999999