0 0.1525 0.7279296875 0.08863281249999999 0.07363281250000009
0 0.1141796875 0.900703125 0.084140625 0.08863281249999999
0 0.3801171875 0.7940234375 0.10214843750000002 0.08261718749999991
0 0.8879296875 0.7684765625 0.08714843750000001 0.08261718749999991
1 0.3666015625 0.396640625 0.09015624999999994 0.09617187500000002
0 0.244140625 0.1119140625 0.08863281249999999 0.07960937499999998
0 0.2681640625 0.174296875 0.09164062500000003 0.08113281249999998
1 0.6197265625 0.1908203125 0.10367187500000008 0.08714843750000001
2 0.857890625 0.1908203125 0.12921874999999994 0.10214843749999997
2 0.4837890625 0.2471484375 0.09316406250000003 0.10367187500000002
2 0.4815234375 0.3741015625 0.13070312500000003 0.10515624999999995
2 0.25390625 0.2659375 0.14121093750000002 0.10816406249999999
2 0.0653515625 0.7429296875 0.091640625 0.12468750000000006
2 0.7857421875 0.7669921875 0.1262109375 0.10667968750000001
1 0.5145703125 0.9619921875 0.08863281249999999 0.07601562499999992
2 0.8758984375 0.9172265625 0.09015624999999994 0.10968749999999994