2 0.48527343750000007 0.365078125 0.11718750000000006 0.13523437500000002
1 0.763203125 0.6107421875 0.09617187500000002 0.10667968750000001
0 0.86765625 0.458984375 0.08863281249999999 0.07960937499999998
0 0.32828125 0.59421875 0.08863281249999999 0.08261718749999991
0 0.3057421875 0.838359375 0.09164062500000003 0.06609375000000006
1 0.2801953125 0.91796875 0.12167968750000002 0.09316406250000009
2 0.14796875 0.560390625 0.09164062499999999 0.1171875
0 0.10890625 0.6730859375 0.0826171875 0.078125
0 0.18328125 0.67234375 0.08113281249999998 0.07960937499999998
0 0.16453125 0.3410546875 0.08261718749999998 0.09015624999999994
1 0.2141015625 0.2696875 0.09765625 0.13070312500000003