1 0.3628125 0.295234375 0.11269531249999998 0.1276953125
0 0.1246875 0.8503515625 0.09316406249999999 0.09914062499999998
0 0.7977734375 0.394375 0.078125 0.08863281249999999
0 0.830078125 0.4575 0.08863281249999999 0.08562500000000006
1 0.5078125 0.6377734375 0.11117187499999998 0.10066406249999993
1 0.76171875 0.748203125 0.10515625000000006 0.11117187499999992
1 0.5280859375 0.803046875 0.10667968750000001 0.09765625
2 0.650546875 0.9484765625 0.09015624999999994 0.10304687499999998
2 0.8466015625 0.927734375 0.11867187499999998 0.1276953125
0 0.615234375 0.703125 0.07062499999999994 0.09316406250000009
0 0.665546875 0.691875 0.06007812499999998 0.08863281249999999