1 0.4191796875 0.7549609375 0.10515625000000006 0.07960937499999998
1 0.3583203125 0.916484375 0.10367187499999997 0.09015624999999994
1 0.625 0.962890625 0.0859375 0.07421875
1 0.623515625 0.6294921875 0.10515625000000006 0.08414062500000008
1 0.8173046875 0.7181640625 0.09316406250000009 0.09617187500000002
1 0.87890625 0.6888671875 0.07210937499999992 0.10367187500000008
1 0.8683984375 0.1990625 0.09617187500000002 0.085625
0 0.226875 0.027812499999999997 0.08714843750000001 0.0555859375
0 0.53484375 0.076640625 0.08714843750000001 0.07511718749999999
0 0.4146484375 0.2020703125 0.08714843750000001 0.085625
0 0.3703515625 0.24863281249999997 0.07664062500000002 0.07664062499999999
2 0.9427734375 0.4462109375 0.08562500000000006 0.10214843750000002
2 0.6753125 0.154765625 0.09164062499999992 0.1171875
0 0.6963671875 0.021796875 0.08562500000000006 0.04355468750000001