0 0.5694140625 0.47625 0.08113281249999993 0.08113281250000004
0 0.2734375 0.03515625 0.0859375 0.0703125
1 0.0886328125 0.22988281249999998 0.11417968749999999 0.08714843749999998
1 0.6280078125 0.236640625 0.08714843750000001 0.09464843749999999
1 0.1555078125 0.751953125 0.09164062500000002 0.09765625
1 0.3666015625 0.728671875 0.11417968749999996 0.09015624999999994
1 0.3485546875 0.896171875 0.09914062499999998 0.10367187500000008
1 0.9480078125 0.8150390625 0.09316406250000009 0.12468750000000006
0 0.6325 0.8308203125 0.08414062500000008 0.09914062499999998
1 0.857109375 0.8293359375 0.10367187500000008 0.09914062499999998
2 0.5619140625 0.92546875 0.12019531249999993 0.12921874999999994
2 0.8841796875 0.3169921875 0.13371093750000007 0.10214843750000002