0 0.8128125 0.291484375 0.08113281249999993 0.10515625000000003
0 0.8623828125 0.326015625 0.09316406250000009 0.09015625000000005
1 0.5130859375 0.251640625 0.10968749999999994 0.10667968750000001
1 0.075859375 0.28171875 0.10066406249999998 0.09464843749999999
1 0.291484375 0.5378515625 0.10214843750000002 0.08414062500000002
2 0.1134375 0.7842578125 0.09765625 0.10816406249999999
0 0.44546875 0.7940234375 0.10066406250000004 0.09164062499999992
0 0.8203125 0.806796875 0.08714843750000001 0.07511718750000007
0 0.81203125 0.866875 0.10367187500000008 0.06007812499999998
1 0.33203125 0.94578125 0.11117187500000003 0.08261718749999991
0 0.3132421875 0.60171875 0.09464843749999996 0.07062499999999994