0 0.7233984375 0.8248046875 0.07960937499999998 0.10515625000000006
0 0.41390625 0.965 0.06460937499999997 0.07000000000000006
0 0.1675 0.65578125 0.06460937500000002 0.07664062500000002
0 0.107421875 0.618984375 0.06460937499999998 0.08113281249999993
2 0.5769140625 0.564921875 0.08714843750000001 0.1262109375
2 0.3410546875 0.0653515625 0.11117187500000003 0.085625
2 0.76171875 0.4777734375 0.11117187499999992 0.09015624999999994
2 0.699375 0.2448828125 0.12167968749999991 0.11417968749999999
1 0.8909375 0.775234375 0.12320312500000008 0.09617187500000002
1 0.5708984375 0.8466015625 0.10515625000000006 0.09765625
1 0.338046875 0.8015234375 0.08414062499999997 0.10367187500000008
1 0.181796875 0.5934375 0.10214843749999997 0.07511718750000007
1 0.06085937499999999 0.6490234375 0.085625 0.11417968750000007
2 0.345546875 0.9134765625 0.12320312499999997 0.09316406250000009