1 0.38234375 0.83984375 0.10968749999999994 0.08714843750000001
1 0.32 0.3703515625 0.11117187500000003 0.08261718750000002
1 0.611484375 0.16 0.09914062499999998 0.1096875
1 0.8646484375 0.3485546875 0.08261718749999991 0.10515624999999995
0 0.9367578125 0.3560546875 0.08562500000000006 0.09914062499999998
2 0.625 0.482265625 0.10816406249999999 0.11417968749999996
1 0.7346875 0.8601171875 0.08714843750000001 0.11269531250000009
1 0.490546875 0.599453125 0.07062500000000005 0.09316406250000009
1 0.4191796875 0.6062109375 0.07210937500000003 0.10367187500000008
2 0.2005859375 0.4439453125 0.1246875 0.07960937499999998
2 0.2726953125 0.57765625 0.09464843749999999 0.12167968749999991
2 0.1337109375 0.7219140625 0.14121093749999997 0.09464843750000007