0 0.302734375 0.7121484375 0.09765625 0.09015624999999994
1 0.4875390625 0.7722265625 0.08261718749999997 0.10515625000000006
0 0.5363671875 0.9419921875 0.08113281249999998 0.09617187500000002
1 0.138203125 0.8451171875 0.09617187500000002 0.09464843750000007
2 0.255390625 0.8466015625 0.1171875 0.10667968750000001
2 0.4108984375 0.8909375 0.1276953125 0.1171875
2 0.83234375 0.274921875 0.09617187500000002 0.12019531250000001
0 0.8563671875 0.1179296875 0.07511718750000007 0.09464843749999999
0 0.661796875 0.09390625 0.07363281250000009 0.09164062499999999
0 0.72265625 0.13296875 0.078125 0.07664062500000002
1 0.6715625 0.2043359375 0.09015624999999994 0.10515625000000003