0 0.0886328125 0.3169921875 0.08714843749999998 0.08414062499999997
0 0.5573828125 0.145 0.078125 0.09765625
0 0.5130859375 0.0555859375 0.07960937499999998 0.084140625
0 0.330546875 0.6400390625 0.06910156249999999 0.09316406250000009
0 0.353828125 0.716640625 0.08863281249999999 0.07210937499999992
1 0.5791796875 0.47625000000000006 0.10667968750000001 0.07812500000000006
2 0.412421875 0.61296875 0.11867187499999998 0.09015624999999994
2 0.6175 0.5513671875 0.09316406250000009 0.11417968750000002
2 0.7466796875 0.5573828125 0.11117187499999992 0.12019531249999998
2 0.238125 0.8345703125 0.12167968749999997 0.10968749999999994
2 0.877421875 0.946953125 0.10214843749999991 0.10605468749999991