1 0.380859375 0.2448828125 0.08562500000000006 0.10214843750000002
1 0.1960546875 0.0751171875 0.10066406249999998 0.09617187499999999
2 0.10515625 0.04734375 0.08714843750000001 0.0946484375
0 0.896171875 0.431953125 0.10066406249999993 0.08261718750000002
0 0.68359375 0.642265625 0.09316406250000009 0.08562500000000006
0 0.8698828125 0.8037890625 0.09914062499999998 0.08414062500000008
0 0.521328125 0.802265625 0.09015624999999994 0.08714843750000001
1 0.1945703125 0.705390625 0.10367187499999997 0.09164062499999992
2 0.1201953125 0.599453125 0.12019531250000001 0.11417968750000007
2 0.33953125 0.8128125 0.10816406249999999 0.10515625000000006
2 0.3763671875 0.8721484375 0.11269531249999998 0.10066406249999993