0 0.61375 0.3440625 0.08261718749999991 0.07210937500000003
0 0.6888671875 0.51609375 0.08863281249999999 0.08863281249999999
0 0.5889453125 0.693359375 0.09015624999999994 0.07664062500000002
0 0.256171875 0.916484375 0.07960937499999998 0.078125
0 0.255390625 0.06984375 0.06308593750000002 0.091640625
1 0.3666015625 0.4326953125 0.08714843750000001 0.09316406249999998
1 0.6498046875 0.1209375 0.09464843750000007 0.10367187500000001
1 0.3605859375 0.1216796875 0.11417968749999996 0.09015625
1 0.15625 0.107421875 0.078125 0.09765625
1 0.099921875 0.05109375 0.11570312500000002 0.0811328125
1 0.2043359375 0.46125 0.10515625000000003 0.10214843750000002
2 0.12394531249999999 0.3425390625 0.10968749999999998 0.08414062499999997
2 0.048828125 0.41796875 0.09765625 0.1015625
2 0.1104296875 0.71140625 0.103671875 0.08863281249999999
2 0.4409375 0.728671875 0.11867187499999998 0.09015624999999994
2 0.677578125 0.8210546875 0.10214843749999991 0.12468750000000006
2 0.842109375 0.5746875 0.08562500000000006 0.11867187499999998
2 0.92546875 0.330546875 0.09316406250000009 0.13523437500000002