0 0.197734375 0.0911328125 0.0830078125 0.068359375
0 0.8642578125 0.8268359375 0.087890625 0.09441406250000006
1 0.3759765625 0.0659375 0.09765625 0.076484375
1 0.20750000000000002 0.1521875 0.10253906250000003 0.0732421875
1 0.388984375 0.1375390625 0.10089843750000005 0.079765625
1 0.6144140625 0.05535156250000001 0.0830078125 0.107421875
1 0.4646875 0.53875 0.09929687499999995 0.09765625
1 0.6640625 0.5102734375 0.08464843750000006 0.09929687500000006
1 0.7592578125 0.4972265625 0.0732421875 0.10578125000000005
1 0.4598046875 0.6884765625 0.11554687500000005 0.09441406250000006
1 0.52 0.4988671874999999 0.08624999999999994 0.09277343749999994
2 0.1123046875 0.6079296875 0.107421875 0.1318359375
2 0.3133203125 0.7934375 0.1025390625 0.11882812500000006