0 0.2741796875 0.6062109375 0.09464843749999999 0.07363281250000009
0 0.8466015625 0.7962890625 0.07664062500000002 0.09617187500000002
0 0.0751171875 0.6355078125 0.078125 0.09914062499999998
0 0.1359765625 0.6888671875 0.07664062500000002 0.10367187500000008
1 0.9375 0.8015234375 0.10214843749999991 0.09164062499999992
1 0.1119140625 0.9517578125 0.09765625 0.07960937499999998
2 0.3508203125 0.931484375 0.09164062500000003 0.1171875
2 0.5303515625 0.685859375 0.11417968750000002 0.07960937499999998
2 0.6565625 0.564140625 0.10515625000000006 0.08562500000000006
2 0.2433984375 0.4056640625 0.09015624999999997 0.11417968749999996
2 0.338046875 0.3057421875 0.08714843750000001 0.09765625
2 0.490546875 0.166015625 0.09464843749999996 0.11570312500000002
2 0.94578125 0.3125 0.09464843750000007 0.10515625000000006
1 0.7669921875 0.7962890625 0.09464843750000007 0.08113281249999993