0 0.3462890625 0.28171875 0.06761718750000001 0.07363281249999998
0 0.67234375 0.48527343749999996 0.09164062499999992 0.09617187499999996
1 0.2298828125 0.2741796875 0.09015625 0.07664062500000002
1 0.24265625 0.3387890625 0.11269531250000003 0.08863281249999999
1 0.521328125 0.0886328125 0.09316406250000003 0.09617187499999999
2 0.736171875 0.0826171875 0.09914062499999998 0.12019531249999998
2 0.8781640625 0.252421875 0.1276953125 0.1262109375
2 0.5791796875 0.7354296875 0.13371093750000007 0.1276953125
1 0.251640625 0.75421875 0.08562499999999998 0.12019531249999993
1 0.1825390625 0.662578125 0.09464843750000002 0.078125
0 0.1765234375 0.728671875 0.085625 0.06609375000000006
1 0.44921875 0.9499609375 0.09914062499999998 0.10007812500000002
1 0.8976953125 0.7902734375 0.08562500000000006 0.11117187499999992
1 0.9284765625 0.6302734375 0.09617187500000002 0.12167968749999991
2 0.80828125 0.8315625 0.11417968750000007 0.12167968749999991