0 0.838359375 0.411640625 0.07511718750000007 0.09914062499999998
0 0.46046875 0.8819140625 0.08863281249999999 0.07210937499999992
1 0.4634765625 0.8128125 0.09164062499999998 0.09617187500000002
1 0.5378515625 0.787265625 0.078125 0.10816406249999999
1 0.220859375 0.3628125 0.11417968750000002 0.08261718750000002
1 0.550625 0.4221875 0.10066406249999993 0.09015625000000005
2 0.2118359375 0.1299609375 0.09316406250000003 0.12167968749999998
2 0.7158984375 0.1802734375 0.13070312499999992 0.10214843749999997
2 0.67984375 0.4229296875 0.09765625 0.13972656250000004
0 0.529609375 0.027812499999999997 0.09464843750000002 0.0555859375
2 0.953125 0.75390625 0.09375 0.1015625
2 0.49503906250000007 0.6768359375 0.11867187500000004 0.09164062499999992
2 0.962734375 0.962734375 0.07453124999999994 0.07453124999999994