0 0.5533984375 0.6640625 0.09441406250000006 0.09113281249999994
0 0.881328125 0.88703125 0.0927734375 0.09441406250000006
1 0.185546875 0.6119921875 0.1237109375 0.10417968750000006
1 0.3865625 0.677890625 0.09929687499999995 0.09929687500000006
1 0.8992578125 0.6217578125 0.10906250000000006 0.10089843749999994
1 0.33203125 0.95734375 0.087890625 0.08527343749999994
2 0.285625 0.05535156250000001 0.1123046875 0.1106640625
2 0.3825 0.28078125 0.1171875 0.1318359375
2 0.8797265625 0.2221484375 0.11882812500000006 0.14484375
2 0.5826953125 0.8561328125 0.10089843749999994 0.126953125
2 0.3588671875 0.7690234375 0.1123046875 0.11554687499999994
2 0.08625 0.6420703125 0.0944140625 0.11554687499999994
2 0.25796875 0.939453125 0.08953124999999998 0.12109375
2 0.7373046875 0.3914453125 0.13671875 0.09929687499999995