0 0.2020703125 0.8661328125 0.10066406249999998 0.08863281249999999
0 0.699375 0.6242578125 0.09164062499999992 0.07960937499999998
0 0.93 0.7459375 0.09617187500000002 0.07664062500000002
0 0.60921875 0.4935546875 0.09464843750000007 0.10367187500000002
1 0.67609375 0.833828125 0.10214843749999991 0.09914062499999998
1 0.3350390625 0.704609375 0.11117187500000003 0.10214843749999991
1 0.8984375 0.353828125 0.08414062500000008 0.10968750000000005
1 0.7233984375 0.1900390625 0.08562500000000006 0.11269531250000003
1 0.23812499999999998 0.145 0.10667968749999998 0.09464843750000002
1 0.0811328125 0.267421875 0.08714843749999998 0.1171875
1 0.400390625 0.966796875 0.11328125 0.06640625