0 0.787265625 0.305 0.07210937499999992 0.08414062499999997
0 0.7624609375 0.5183203125 0.09164062499999992 0.07511718750000002
0 0.90671875 0.8541015625 0.09765625 0.07664062500000002
0 0.1802734375 0.96046875 0.09015625 0.07902343750000007
0 0.46875 0.3666015625 0.08714843750000001 0.09015624999999994
1 0.2734375 0.099921875 0.10515625000000003 0.085625
2 0.3590625 0.537109375 0.12921875000000005 0.10968749999999994
1 0.853359375 0.670078125 0.10515625000000006 0.08414062500000008
1 0.7805078125 0.869140625 0.09164062499999992 0.09765625
2 0.6678125 0.6001953125 0.07960937499999998 0.09464843750000007
2 0.3958984375 0.357578125 0.09464843749999996 0.09914062499999998