1 0.3037890625 0.45894531250000004 0.06589843750000002 0.09546875000000005
1 0.3595703125 0.54859375 0.0916796875 0.10035156249999999
1 0.8751953125 0.32578125 0.08156249999999998 0.08246093750000005
2 0.22609375000000004 0.2328515625 0.08179687500000002 0.12257812499999998
1 0.585859375 0.4454296875 0.09707031250000009 0.07941406249999994
1 0.5450390625 0.7060546875 0.1005859375 0.08597656249999996
1 0.0757421875 0.253203125 0.10246093750000002 0.11367187499999998
1 0.3136328125 0.2255859375 0.07968750000000002 0.09203125000000001
1 0.8116015625 0.626484375 0.12570312500000003 0.10773437499999994
1 0.2726171875 0.46703125 0.10378906249999997 0.09460937500000005
1 0.24453125 0.47796875 0.08296874999999998 0.08921875000000001