1 0.318359375 0.048828125 0.08984375 0.09765625
1 0.2253515625 0.22609375 0.10816406249999999 0.12167968749999997
1 0.1119140625 0.2659375 0.09464843750000002 0.10214843750000002
2 0.537109375 0.1667578125 0.11570312500000002 0.09015625
0 0.490546875 0.32078125 0.06460937499999997 0.07960937499999998
0 0.5461328125 0.3019921875 0.06160156249999993 0.09617187500000002
2 0.7414453125 0.302734375 0.11570312500000002 0.09464843749999996
2 0.8233203125 0.329765625 0.08414062500000008 0.10667968750000001
2 0.953125 0.12109375 0.09375 0.1171875
2 0.2884765625 0.64078125 0.13523437500000002 0.10968749999999994
1 0.556640625 0.5558984375 0.11867187499999998 0.09617187500000002
2 0.77296875 0.5971875 0.10667968750000001 0.12468750000000006
0 0.368828125 0.80828125 0.08562499999999995 0.078125
2 0.2666796875 0.78875 0.10367187499999997 0.12921874999999994
0 0.57765625 0.851875 0.09765625 0.08414062500000008
1 0.716640625 0.947265625 0.10515625000000006 0.09765625
1 0.8015234375 0.851875 0.1276953125 0.10515625000000006