1 0.544609375 0.36734375 0.09164062499999998 0.11269531249999998
1 0.794765625 0.153984375 0.09617187500000002 0.085625
1 0.7767578125 0.732421875 0.06910156249999999 0.10968749999999994
1 0.69484375 0.7233984375 0.09464843750000007 0.09164062499999992
1 0.970703125 0.291015625 0.05859375 0.11328125
0 0.6355078125 0.595703125 0.08714843750000001 0.08562500000000006
0 0.625 0.677578125 0.07511718750000007 0.09914062499999998
0 0.217109375 0.5003125 0.07664062500000002 0.07210937499999998
0 0.099140625 0.471015625 0.06910156250000002 0.09164062500000003
2 0.1171875 0.760234375 0.10816406249999999 0.1171875
2 0.62875 0.0420703125 0.10367187500000008 0.084140625