0 0.0931640625 0.896953125 0.09015625 0.07511718750000007
0 0.1998046875 0.7624609375 0.10515625 0.07062499999999994
0 0.2876953125 0.872890625 0.08562500000000003 0.08414062500000008
0 0.361328125 0.8819140625 0.07664062500000002 0.10214843749999991
0 0.4326953125 0.9074609375 0.09914062499999998 0.07511718750000007
0 0.743671875 0.91046875 0.08414062500000008 0.09015624999999994
0 0.826328125 0.7624609375 0.09015624999999994 0.08863281249999999
0 0.3951171875 0.369609375 0.09617187500000002 0.09914062499999998
0 0.721171875 0.4131640625 0.09316406250000009 0.09914062499999998
1 0.2336328125 0.8368359375 0.10367187499999997 0.10515625000000006
1 0.5716796875 0.697109375 0.09464843750000007 0.12019531249999993
1 0.5694140625 0.591953125 0.09015624999999994 0.10515625000000006
1 0.482265625 0.21484375 0.10515624999999995 0.12320312499999997
2 0.30421875 0.4296875 0.08562500000000006 0.11417968749999996
2 0.9172265625 0.8203125 0.11570312500000002 0.09617187500000002