0 0.1615234375 0.4131640625 0.07664062500000002 0.08113281250000004
0 0.720390625 0.037578125 0.08261718749999991 0.0751171875
0 0.5115625 0.509296875 0.09164062499999998 0.09914062499999998
0 0.8240625 0.21859374999999998 0.07664062500000002 0.06761718749999998
0 0.60546875 0.6941015625 0.078125 0.09617187500000002
0 0.57390625 0.8330859375 0.08113281249999993 0.09765625
0 0.1322265625 0.4740234375 0.09914062499999998 0.08562500000000006
1 0.18328125 0.86765625 0.09015625 0.12468750000000006
1 0.5731640625 0.96046875 0.09464843750000007 0.07902343750000007
2 0.3125 0.1569921875 0.09015624999999994 0.11867187499999998
2 0.625 0.3403125 0.1262109375 0.08562500000000006
1 0.8526171875 0.1525 0.09464843750000007 0.08261718749999998