0 0.8248046875 0.4401953125 0.08113281249999993 0.09914062499999998
1 0.6294921875 0.4777734375 0.09316406250000009 0.10816406249999999
0 0.5754296875 0.896953125 0.09914062499999998 0.06308593749999991
0 0.5866796875 0.83609375 0.09464843750000007 0.06761718750000001
0 0.2689453125 0.714375 0.06308593750000002 0.08261718749999991
1 0.295234375 0.6340234375 0.09164062500000003 0.10816406249999999
1 0.1990625 0.6941015625 0.09464843750000002 0.08714843750000001
1 0.7759765625 0.259921875 0.11867187499999998 0.08113281250000001
0 0.8210546875 0.1096875 0.10667968750000001 0.09617187500000002
0 0.4942968750000001 0.05484375 0.07812500000000006 0.1096875
0 0.5611328125 0.053320312499999994 0.06460937500000008 0.09765625
2 0.8563671875 0.0300390625 0.12320312500000008 0.060078125