2 0.71140625 0.4409375 0.09765625 0.10667968750000001
1 0.7512109375 0.286953125 0.09015624999999994 0.08714843750000001
2 0.45671875 0.3553125 0.09316406249999998 0.13070312500000003
2 0.73390625 0.7384375 0.11269531250000009 0.13371093750000007
1 0.6587890625 0.91421875 0.10667968750000001 0.10667968750000001
2 0.2666796875 0.3590625 0.10968750000000002 0.09015625000000005
2 0.5784375 0.081875 0.078125 0.11269531250000002
0 0.650546875 0.075859375 0.07511718750000007 0.09464843750000002
2 0.0946484375 0.92625 0.11417968749999999 0.08261718749999991
2 0.5619140625 0.712890625 0.10816406249999999 0.07960937499999998
0 0.5010546875 0.8112890625 0.06761718750000001 0.08414062500000008
2 0.5708984375 0.802265625 0.09316406250000009 0.10214843749999991