0 0.12125 0.7861328125 0.08625 0.08136718749999994
0 0.6721875 0.7218359375 0.08464843750000006 0.08624999999999994
0 0.6209375 0.7682421875 0.08624999999999994 0.09113281249999994
1 0.154609375 0.580234375 0.0911328125 0.0927734375
1 0.1953125 0.6184765625 0.087890625 0.09113281249999994
1 0.2408984375 0.134296875 0.10089843750000002 0.0830078125
1 0.619296875 0.2351953125 0.10578124999999994 0.08953125
1 0.419921875 0.04070312500000001 0.10417968750000006 0.0813671875
1 0.146484375 0.853671875 0.0944140625 0.08953125000000006
2 0.8992578125 0.838203125 0.10578124999999994 0.1171875
2 0.56640625 0.1180078125 0.11394531250000006 0.1090625