0 0.46875 0.69109375 0.06910156249999999 0.078125
0 0.4409375 0.5964453125 0.07664062500000002 0.07511718750000007
0 0.623515625 0.392890625 0.078125 0.07960937499999998
0 0.9502734375 0.048828125 0.07664062500000002 0.085625
0 0.44171875 0.8879296875 0.078125 0.09617187500000002
0 0.150234375 0.57390625 0.07511718750000002 0.09015624999999994
1 0.392890625 0.78875 0.09765625 0.08414062500000008
1 0.7662109375 0.5115625 0.08414062500000008 0.09164062499999998
0 0.818828125 0.544609375 0.078125 0.07363281250000009
2 0.869140625 0.4875390625 0.09765625 0.10667968750000001
2 0.842109375 0.7279296875 0.1276953125 0.09765625
2 0.5708984375 0.85109375 0.12320312500000008 0.09164062499999992
2 0.2253515625 0.5814453125 0.08714843750000001 0.10515625000000006
1 0.274921875 0.4747656250000001 0.08113281250000001 0.11718750000000006
2 0.09089843749999998 0.29296875 0.13671875 0.09015624999999997
2 0.314765625 0.21484375 0.11269531249999998 0.09316406249999998
2 0.72640625 0.1262109375 0.11867187499999998 0.09617187500000002
1 0.5926953125 0.30046875 0.09464843750000007 0.08414062499999997