1 0.6257421875 0.6400390625 0.11269531250000009 0.09617187500000002
0 0.826328125 0.8165625 0.08113281249999993 0.10066406249999993
0 0.615234375 0.0728515625 0.08261718749999991 0.05558593750000001
1 0.6257421875 0.1299609375 0.10667968750000001 0.06460937500000001
1 0.1059375 0.3072265625 0.1216796875 0.09464843749999996
0 0.3275390625 0.392109375 0.09617187500000002 0.06910156249999999
1 0.2771875 0.606953125 0.10367187499999997 0.07511718750000007
1 0.189296875 0.564921875 0.1171875 0.08113281249999993
0 0.3515625 0.46125 0.10816406249999999 0.07511718749999996
1 0.3132421875 0.5108203125 0.07664062500000002 0.10515625000000006
0 0.1878125 0.63625 0.10214843750000002 0.08863281249999999