1 0.394375 0.7955078125 0.08863281249999999 0.09164062499999992
1 0.2508984375 0.9021875 0.11417968749999999 0.10367187500000008
2 0.6843359375 0.92921875 0.10968749999999994 0.08863281249999999
2 0.783515625 0.3169921875 0.13070312499999992 0.11417968749999996
2 0.8638671875 0.3973828125 0.10214843749999991 0.10066406250000004
2 0.529609375 0.4251953125 0.1276953125 0.11117187500000003
2 0.4131640625 0.4184375 0.09617187500000002 0.08562500000000006
2 0.3019921875 0.1532421875 0.10515625000000003 0.09914062499999998
2 0.9427734375 0.1592578125 0.11269531250000009 0.10515625
2 0.950703125 0.4927734375 0.09855468750000007 0.09015624999999994
0 0.295234375 0.467265625 0.07960937499999998 0.07511718750000002
0 0.238125 0.443203125 0.08261718749999997 0.09914062499999998
0 0.0578515625 0.0638671875 0.076640625 0.0736328125
2 0.8601171875 0.96875 0.12167968749999991 0.0625