0 0.0811328125 0.572421875 0.08714843749999998 0.08113281249999993
0 0.174296875 0.1953125 0.09617187500000002 0.08414062499999997
0 0.700859375 0.8781640625 0.08562500000000006 0.09464843750000007
0 0.4725 0.4184375 0.10066406250000004 0.08261718750000002
1 0.283203125 0.074375 0.09164062500000003 0.10367187500000001
1 0.6325 0.18703125 0.11417968750000007 0.08863281249999999
1 0.767734375 0.3478125 0.10515625000000006 0.09765625
2 0.9126953125 0.181796875 0.10667968750000001 0.13523437499999996
1 0.8173046875 0.146484375 0.078125 0.11570312500000002
2 0.59421875 0.6400390625 0.09765625 0.09914062499999998
2 0.22085937499999997 0.43796875 0.09617187499999999 0.11867187499999998
0 0.515625 0.03515625 0.1015625 0.0703125