0 0.3568359375 0.8353515625 0.09464843749999996 0.08113281249999993
0 0.643046875 0.7857421875 0.08714843750000001 0.09914062499999998
0 0.64453125 0.588203125 0.06910156249999999 0.09164062499999992
0 0.65203125 0.423671875 0.09015624999999994 0.08414062499999997
0 0.4326953125 0.2876953125 0.09015625000000005 0.08562500000000003
0 0.8796484375 0.26515625 0.08562500000000006 0.08562500000000003
2 0.2644140625 0.11867187500000001 0.10816406249999999 0.10515625000000002
2 0.7158984375 0.068359375 0.09765625 0.1096875
0 0.2681640625 0.23738281250000004 0.08562500000000003 0.06910156250000002
0 0.29671875 0.2974609375 0.08863281249999999 0.06910156249999999
1 0.18328125 0.802265625 0.09316406249999998 0.09316406250000009
2 0.5716796875 0.564140625 0.07960937499999998 0.11269531250000009
2 0.818046875 0.30421875 0.10367187500000008 0.11269531249999998