0 0.8428515625 0.869140625 0.09316406250000009 0.09765625
1 0.525078125 0.4011328125 0.09164062499999998 0.09914062499999998
1 0.2997265625 0.5153125 0.09164062500000003 0.11417968750000002
1 0.295234375 0.64078125 0.08261718750000002 0.09464843750000007
1 0.427421875 0.69109375 0.08863281249999999 0.1171875
1 0.3117578125 0.8736328125 0.08562500000000006 0.10968749999999994
1 0.6159765625 0.833828125 0.10816406249999999 0.08414062500000008
1 0.8165625 0.6730859375 0.08863281249999999 0.11117187499999992
2 0.4920312499999999 0.5513671875 0.13671874999999994 0.1262109375
2 0.2095703125 0.8052734375 0.11269531250000003 0.12320312500000008
2 0.6610546875 0.05109375000000001 0.12320312500000008 0.1021484375
0 0.544609375 0.070625 0.07960937499999998 0.0931640625