1 0.842109375 0.305 0.09765625 0.09617187500000002
0 0.857109375 0.4251953125 0.08562500000000006 0.08714843750000001
2 0.564921875 0.3838671875 0.10515625000000006 0.10667968750000001
2 0.145 0.623515625 0.09464843750000002 0.12019531249999993
2 0.22234375 0.794765625 0.10816406249999999 0.11117187499999992
2 0.3816015625 0.857890625 0.09617187500000002 0.08414062500000008
2 0.5168359375 0.7865234375 0.09617187500000002 0.11867187499999998
2 0.5912109375 0.863125 0.10066406249999993 0.11570312500000002
2 0.9619921875 0.8353515625 0.07601562499999992 0.12320312500000008
0 0.87140625 0.5746875 0.08714843750000001 0.10066406249999993
2 0.259921875 0.10140625 0.07210937500000003 0.08863281249999999
0 0.4747656250000001 0.1096875 0.07812500000000006 0.06609375
0 0.510078125 0.1900390625 0.08261718749999997 0.06761718750000001
0 0.4680078125 0.1569921875 0.07664062500000002 0.04656250000000001
0 0.7083984375 0.0285546875 0.06761718750000001 0.057109375