0 0.68734375 0.6528125 0.07363281250000009 0.09164062499999992
0 0.57390625 0.923984375 0.06910156249999999 0.09316406250000009
0 0.48828125 0.7474609375 0.08414062500000002 0.07363281250000009
0 0.5070703125 0.8112890625 0.08562500000000006 0.06910156249999999
2 0.543125 0.525859375 0.08562500000000006 0.10515625000000006
1 0.8037890625 0.4154296875 0.10214843749999991 0.08562500000000006
1 0.9375 0.588203125 0.078125 0.09765625
1 0.0833984375 0.51609375 0.09464843750000002 0.07363281250000003
1 0.0848828125 0.447734375 0.10667968749999998 0.06910156249999999
0 0.2890625 0.962890625 0.0859375 0.07421875
2 0.471015625 0.9037109375 0.11269531249999998 0.10367187500000008
2 0.3132421875 0.666328125 0.13070312500000003 0.09164062499999992