0 0.416171875 0.634765625 0.078125 0.07664062500000002
1 0.89015625 0.4642578125 0.08562500000000006 0.11417968750000002
1 0.5513671875 0.5912109375 0.10515625000000006 0.08562500000000006
1 0.04734375 0.7624609375 0.0946484375 0.07363281250000009
0 0.0443359375 0.8278125 0.0886328125 0.06609375000000006
1 0.085625 0.04132812500000001 0.08714843750000001 0.0826171875
1 0.0691015625 0.2974609375 0.084140625 0.10515625000000003
1 0.5859375 0.1878125 0.09914062499999998 0.1171875
0 0.32078125 0.1096875 0.09164062500000003 0.07210937500000002
1 0.3373046875 0.16375 0.10066406250000004 0.08414062499999998
2 0.16375 0.3515625 0.11117187500000002 0.13222656249999998
1 0.3545703125 0.3658203125 0.09617187500000002 0.07664062500000002
0 0.380859375 0.423671875 0.08863281249999999 0.07511718749999996
2 0.245625 0.4619921875 0.12167968749999997 0.12167968750000002
2 0.0676171875 0.4559765625 0.003007812500000012 0.0014843749999999822