0 0.189296875 0.361328125 0.078125 0.09164062500000003
2 0.1126953125 0.558125 0.11417968750000002 0.07960937499999998
0 0.412421875 0.9660546875 0.07363281249999998 0.06609375000000006
0 0.177265625 0.1592578125 0.08414062500000002 0.05710937500000002
1 0.298984375 0.1179296875 0.10515624999999998 0.09464843749999999
2 0.8165625 0.63625 0.09765625 0.11867187499999998
0 0.861640625 0.52359375 0.06460937500000008 0.07363281250000003
1 0.6528125 0.7158984375 0.09464843750000007 0.07664062500000002
0 0.6415234375 0.7917578125 0.06910156249999999 0.06910156249999999
1 0.838359375 0.0383203125 0.1171875 0.0676171875
0 0.9209765625 0.9615234375 0.09316406250000009 0.06609375000000006
2 0.9224609375 0.3448046875 0.10816406249999999 0.11867187499999998