0 0.070625 0.3275390625 0.08113281249999998 0.10515625000000006
2 0.197578125 0.4146484375 0.10066406249999998 0.11117187500000003
0 0.5363671875 0.3080078125 0.10515625000000006 0.08714843750000001
0 0.49054687499999994 0.6512890625 0.07664062499999996 0.07664062500000002
0 0.3485546875 0.8856640625 0.08414062499999997 0.09464843750000007
2 0.3350390625 0.6926171875 0.10816406249999999 0.08414062500000008
0 0.150234375 0.6550390625 0.07511718750000002 0.09316406250000009
0 0.2065625 0.6415234375 0.06460937500000002 0.09316406250000009
2 0.7219140625 0.658046875 0.10066406249999993 0.10515625000000006
0 0.7587109375 0.799296875 0.08113281249999993 0.09316406250000009
0 0.794765625 0.76171875 0.08414062500000008 0.09316406250000009
0 0.7744921875 0.19980468750000002 0.12468750000000006 0.11718750000000003
2 0.404140625 0.115703125 0.12019531250000004 0.09617187499999999
1 0.5010546875 0.1134375 0.08562500000000006 0.09464843750000002
1 0.73828125 0.033203125 0.0859375 0.06640625