0 0.5476171875 0.8698828125 0.07960937499999998 0.09015624999999994
0 0.77 0.9517578125 0.10066406249999993 0.08562500000000006
0 0.9405078125 0.833828125 0.08414062500000008 0.08414062500000008
1 0.7526953125 0.677578125 0.08113281249999993 0.10214843749999991
1 0.5889453125 0.7857421875 0.09316406250000009 0.09914062499999998
1 0.4289453125 0.691875 0.10667968750000001 0.10367187500000008
1 0.700859375 0.3440625 0.09164062499999992 0.09617187500000002
1 0.763984375 0.2216015625 0.07960937499999998 0.09464843750000002
1 0.4424609375 0.2764453125 0.12167968750000002 0.08714843750000001
1 0.2696875 0.31625 0.08261718750000002 0.12468749999999995
1 0.291484375 0.1201953125 0.09914062499999998 0.111171875
1 0.8698828125 0.939765625 0.08714843750000001 0.10066406249999993
2 0.5851953125 0.6437890625 0.10367187500000008 0.11867187499999998
0 0.263671875 0.927734375 0.07062499999999997 0.07363281250000009
1 0.212578125 0.9480078125 0.09464843749999999 0.09914062499999998