1 0.1750390625 0.0833984375 0.11867187499999998 0.07960937499999998
0 0.0458203125 0.333515625 0.070625 0.06910156249999999
1 0.3230078125 0.411640625 0.09914062499999998 0.08414062499999997
1 0.372578125 0.3666015625 0.10816406249999999 0.08414062499999997
0 0.1494921875 0.5573828125 0.085625 0.06609375000000006
1 0.274921875 0.638515625 0.08113281250000001 0.10515625000000006
0 0.509296875 0.5115625 0.08113281249999998 0.09164062499999998
0 0.539375 0.55890625 0.09617187500000002 0.09015624999999994
1 0.822578125 0.4537109375 0.07960937499999998 0.10515625000000006
1 0.83984375 0.205078125 0.11117187499999992 0.12167968750000002
1 0.95703125 0.341796875 0.0859375 0.09765625
2 0.4680078125 0.05859375 0.10968749999999994 0.084140625