0 0.2571484375 0.502109375 0.078125 0.08624999999999994
0 0.5281640625 0.1180078125 0.0830078125 0.0830078125
1 0.2669140625 0.9415625 0.107421875 0.09929687500000006
1 0.365390625 0.8878515625 0.1025390625 0.0830078125
1 0.20750000000000002 0.3059765625 0.09277343750000003 0.11066406250000005
1 0.6608203125 0.166015625 0.09441406250000006 0.1139453125
1 0.88703125 0.3059765625 0.10417968750000006 0.11066406250000005
1 0.91796875 0.697421875 0.10089843749999994 0.1025390625
1 0.85203125 0.5834765625 0.0830078125 0.08624999999999994
1 0.0341796875 0.1944921875 0.068359375 0.10578125
0 0.8976171875 0.5509375 0.07648437499999994 0.09601562499999994
2 0.5501171875 0.8683203125 0.09765625 0.13835937500000006
2 0.738125 0.896015625 0.1220703125 0.1416015625
2 0.091953125 0.7918359375 0.12859375 0.11554687499999994
2 0.67953125 0.05046875000000001 0.09601562499999994 0.1008984375