0 0.37859375 0.794765625 0.08414062499999997 0.09015624999999994
0 0.6182421875 0.7624609375 0.07363281250000009 0.10066406249999993
0 0.695625 0.8541015625 0.09015624999999994 0.08261718749999991
0 0.866875 0.3508203125 0.08714843750000001 0.10066406250000004
2 0.076640625 0.4191796875 0.1021484375 0.10515625000000006
0 0.169765625 0.622734375 0.08414062500000002 0.07960937499999998
1 0.0848828125 0.6062109375 0.10066406250000001 0.09164062499999992
1 0.6595703125 0.2771875 0.10214843749999991 0.07664062500000002
2 0.701640625 0.130703125 0.12019531249999993 0.11117187499999999
2 0.8428515625 0.8946875 0.1171875 0.08562500000000006
1 0.821796875 0.96875 0.10515625000000006 0.0625