2 0.46648437500000006 0.0773828125 0.08863281250000005 0.10667968749999998
1 0.2726953125 0.506328125 0.08863281249999999 0.09617187500000002
2 0.05859375 0.796875 0.1171875 0.09375
2 0.45148437499999994 0.779765625 0.10667968749999995 0.11117187499999992
1 0.2508984375 0.8488671875 0.10816406249999999 0.10816406249999999
0 0.78125 0.80828125 0.08414062500000008 0.08714843750000001
2 0.8991796875 0.631015625 0.11269531250000009 0.09617187500000002
1 0.8646484375 0.55890625 0.09765625 0.09316406250000009
1 0.677578125 0.439453125 0.08113281249999993 0.10066406250000004
1 0.622734375 0.5085546875 0.08562500000000006 0.10667968750000001
0 0.744453125 0.3094921875 0.07960937499999998 0.08414062499999997
0 0.6986328125 0.2846875 0.06910156249999999 0.07062499999999997
1 0.6084765625 0.255390625 0.09316406250000009 0.10515625000000003
0 0.6475390625 0.1825390625 0.078125 0.07664062500000002
0 0.695625 0.2028125 0.09015624999999994 0.09015625