2 0.0713671875 0.853359375 0.09464843749999999 0.11417968750000007
1 0.0285546875 0.4950390625 0.057109375 0.10367187499999997
1 0.61296875 0.537109375 0.09015624999999994 0.08562500000000006
0 0.2846875 0.7181640625 0.07664062500000002 0.08414062500000008
1 0.232109375 0.7369140625 0.07960937499999998 0.10066406249999993
2 0.4229296875 0.48527343749999996 0.11570312500000002 0.12621093749999995
0 0.5904296875 0.3703515625 0.08714843750000001 0.07363281249999998
1 0.6099609375 0.311015625 0.10515625000000006 0.08414062499999997
2 0.8353515625 0.26140625 0.08113281249999993 0.12921875000000002
2 0.6475390625 0.089375 0.09617187500000002 0.11867187500000001
2 0.3169921875 0.0969140625 0.11117187500000003 0.130703125
2 0.439453125 0.162265625 0.12167968749999997 0.09015625
1 0.4266796875 0.0398046875 0.10515624999999995 0.079609375
1 0.4071484375 0.095390625 0.08714843750000001 0.07664062500000002
1 0.8503515625 0.8158203125 0.09914062499999998 0.12019531249999993
0 0.584453125 0.96453125 0.06910156249999999 0.06308593749999991