0 0.80828125 0.4987890625 0.08113281249999993 0.09914062499999998
2 0.37109375 0.6175 0.11117187500000003 0.1322265625000001
2 0.4221875 0.2876953125 0.13820312499999998 0.09765625
2 0.21632812499999998 0.712890625 0.11718749999999997 0.10066406249999993
2 0.73015625 0.85109375 0.1322265625000001 0.10667968750000001
0 0.720390625 0.357578125 0.09164062499999992 0.08714843750000001
0 0.767734375 0.3290234375 0.078125 0.09316406249999998
0 0.603203125 0.2043359375 0.08863281249999999 0.09316406249999998
2 0.091640625 0.32453125 0.13523437499999996 0.10816406249999999
1 0.6159765625 0.091640625 0.1262109375 0.08113281249999998
1 0.546875 0.174296875 0.08714843750000001 0.10816406249999999