0 0.111171875 0.8541015625 0.08113281249999998 0.09765625
0 0.5123046875 0.4740234375 0.08113281249999998 0.10367187500000002
1 0.318515625 0.8015234375 0.08113281250000004 0.10667968750000001
1 0.552890625 0.94578125 0.078125 0.07960937499999998
1 0.4387109375 0.1840625 0.07210937500000003 0.09765625
1 0.5 0.9609375 0.09375 0.078125
2 0.30125 0.401875 0.12167968750000002 0.10066406250000004
2 0.22988281249999998 0.558125 0.09617187499999999 0.11867187499999998
2 0.77375 0.435703125 0.10515625000000006 0.12320312499999997
2 0.9409375 0.5814453125 0.11808593750000007 0.09914062499999998
2 0.49578125 0.193046875 0.07511718749999996 0.11570312500000002
0 0.72265625 0.9059375 0.09015624999999994 0.07511718750000007