2 0.333515625 0.2043359375 0.12320312499999997 0.11417968749999999
2 0.1630078125 0.2787109375 0.10367187500000001 0.10066406250000001
0 0.318515625 0.427421875 0.06609374999999995 0.07664062500000002
0 0.2201171875 0.5896875 0.085625 0.08562500000000006
1 0.3290234375 0.677578125 0.09914062499999998 0.09617187500000002
0 0.625 0.509296875 0.09914062499999998 0.07210937499999998
0 0.451484375 0.2764453125 0.08863281249999999 0.08714843750000001
2 0.7489453125 0.474765625 0.11269531250000009 0.10214843750000002
1 0.138984375 0.4559765625 0.09765625 0.10367187499999997
1 0.631015625 0.888671875 0.11117187499999992 0.09464843750000007
0 0.748203125 0.8879296875 0.09316406250000009 0.09316406250000009
1 0.2508984375 0.3568359375 0.10515624999999998 0.09164062500000003
2 0.7526953125 0.634765625 0.1171875 0.11867187499999998
0 0.9600390625 0.8623828125 0.06910156249999999 0.09015624999999994
2 0.7061328125 0.1848046875 0.09914062499999998 0.10816406249999999
2 0.5596484375 0.22835937500000003 0.10667968750000001 0.10816406250000002
2 0.7233984375 0.2982421875 0.1276953125 0.10968749999999997
0 0.845859375 0.1840625 0.08714843750000001 0.05859375
0 0.8683984375 0.291484375 0.09015624999999994 0.06910156249999999
0 0.8623828125 0.236640625 0.09015624999999994 0.04656249999999998
2 0.89015625 0.4364453125 0.10367187500000008 0.10667968750000001
2 0.8586328125 0.5671484375 0.12167968749999991 0.10367187500000008
0 0.955546875 0.71515625 0.08714843750000001 0.07210937499999992
1 0.888671875 0.7459375 0.11269531250000009 0.10367187500000008
1 0.95703125 0.1796875 0.0859375 0.1015625