0 0.8135546875 0.4650000000000001 0.10667968750000001 0.07960937500000004
0 0.9126953125 0.458984375 0.10367187500000008 0.08261718749999997
2 0.2298828125 0.510078125 0.12320312500000002 0.09164062499999998
2 0.0728515625 0.51984375 0.11867187499999998 0.09914062499999998
0 0.2937109375 0.6708203125 0.07363281249999998 0.09464843750000007
0 0.353828125 0.6587890625 0.06460937499999997 0.08863281249999999
0 0.275703125 0.8173046875 0.07960937499999998 0.10515625000000006
0 0.341796875 0.8165625 0.07363281249999998 0.12167968749999991
2 0.693359375 0.2659375 0.11269531250000009 0.08414062499999997
1 0.57390625 0.4251953125 0.11117187499999992 0.08414062499999997
1 0.5048046875 0.490546875 0.11117187499999998 0.07363281249999998
2 0.4987890625 0.5558984375 0.11417968750000002 0.07210937499999992
1 0.8984375 0.0931640625 0.12921874999999994 0.08714843750000001