0 0.3508203125 0.4259375 0.08261718750000002 0.08863281249999999
0 0.2644140625 0.24113281250000002 0.10214843750000002 0.08863281250000002
0 0.048085937499999995 0.474765625 0.0931640625 0.09316406249999998
0 0.9525390625 0.1021484375 0.078125 0.08414062500000001
0 0.2591796875 0.920234375 0.09164062500000003 0.08863281249999999
0 0.4048828125 0.9367578125 0.07960937499999998 0.09164062499999992
1 0.1840625 0.1412109375 0.09464843750000002 0.08414062500000001
1 0.30125 0.1359765625 0.10066406250000004 0.11570312500000002
1 0.68734375 0.1825390625 0.08863281249999999 0.09765625
0 0.386875 0.5716796875 0.07960937499999998 0.11269531250000009
1 0.353828125 0.7181640625 0.11570312500000002 0.08414062500000008
1 0.388359375 0.80453125 0.11269531249999998 0.08562500000000006
1 0.45671875 0.9582421875 0.09316406249999998 0.08351562499999998
2 0.662578125 0.5912109375 0.12019531249999993 0.1276953125
2 0.5806640625 0.2178515625 0.10066406249999993 0.13523437499999996
2 0.951171875 0.91015625 0.09765625 0.09375