0 0.416171875 0.3590625 0.08414062499999997 0.078125
0 0.0653515625 0.2103515625 0.07664062499999999 0.08414062500000002
0 0.09015625 0.798515625 0.08714843750000001 0.09164062499999992
0 0.9307421875 0.7256640625 0.09164062499999992 0.08113281249999993
1 0.3620703125 0.44921875 0.09617187500000002 0.09914062499999998
1 0.2396484375 0.5303515625 0.09464843750000002 0.10214843749999997
1 0.5378515625 0.7076171875 0.10816406249999999 0.09015624999999994
1 0.7775 0.5611328125 0.11867187499999998 0.08261718749999991
1 0.775234375 0.467265625 0.09914062499999998 0.11117187499999998
1 0.4987890625 0.7587109375 0.10515625000000006 0.09015624999999994
1 0.075859375 0.3801171875 0.09765625 0.09617187500000002
2 0.2839453125 0.71515625 0.12019531250000001 0.12019531249999993
2 0.450703125 0.919453125 0.13222656250000003 0.12320312500000008
2 0.595703125 0.2621875 0.10367187500000008 0.11269531249999998