0 0.6708203125 0.677578125 0.08562500000000006 0.07210937499999992
1 0.5401171875 0.6009765625 0.09164062499999998 0.08714843750000001
1 0.28171875 0.3215234375 0.08863281249999999 0.1171875
1 0.5904296875 0.2591796875 0.10515625000000006 0.07062499999999997
1 0.759453125 0.705390625 0.10066406249999993 0.08863281249999999
2 0.2141015625 0.8052734375 0.09765625 0.12921874999999994
2 0.099140625 0.5611328125 0.10816406250000002 0.11867187499999998
2 0.32828125 0.1457421875 0.09765625 0.10515625
2 0.4146484375 0.08863281250000002 0.10816406249999999 0.10515625000000002
2 0.3125 0.45148437499999994 0.11117187500000003 0.10667968749999995
2 0.69484375 0.91796875 0.11867187499999998 0.1322265625000001
2 0.6001953125 0.33203125 0.12167968749999991 0.10214843750000002
2 0.212578125 0.0736328125 0.10667968750000001 0.12921875