0 0.17578125 0.1276953125 0.07511718750000002 0.10214843750000001
0 0.2058203125 0.3155078125 0.08113281249999998 0.09617187500000002
0 0.3290234375 0.6685546875 0.07511718749999996 0.08414062500000008
0 0.57015625 0.7061328125 0.09164062499999992 0.09015624999999994
2 0.682109375 0.904453125 0.09617187500000002 0.1412109374999999
2 0.7429296875 0.3816015625 0.14874999999999994 0.10515625000000006
2 0.5423828125 0.49578125 0.10214843749999997 0.14421874999999995
2 0.3169921875 0.7707421875 0.11117187500000003 0.10816406249999999
2 0.462734375 0.9597265625 0.10515624999999995 0.08054687500000002
2 0.1359765625 0.755703125 0.11867187499999998 0.10515625000000006
2 0.060859375 0.7880078125 0.0946484375 0.09464843750000007
1 0.970703125 0.953125 0.05859375 0.0859375