0 0.638515625 0.2734375 0.09015624999999994 0.08714843750000001
0 0.7496875 0.037578125 0.09316406250000009 0.0751171875
0 0.501796875 0.61296875 0.07210937499999998 0.08414062500000008
0 0.55515625 0.634765625 0.06761718750000001 0.07062499999999994
1 0.09765625 0.7316796875 0.09316406249999999 0.09914062499999998
1 0.2433984375 0.224609375 0.10515625000000003 0.10667968750000001
1 0.3523046875 0.361328125 0.07664062500000002 0.10367187499999997
2 0.3440625 0.583671875 0.09617187500000002 0.11570312500000002
2 0.806796875 0.3425390625 0.12320312500000008 0.09316406249999998
2 0.8856640625 0.1787890625 0.13671875 0.08714843750000001
2 0.4499609375 0.12546875 0.13070312499999998 0.09164062499999999
2 0.3643359375 0.939765625 0.13070312500000003 0.09464843750000007