0 0.3590625 0.24714843750000004 0.08113281250000004 0.08863281250000002
0 0.35984375 0.6963671875 0.07062499999999994 0.09164062499999992
0 0.32 0.810546875 0.08414062499999997 0.08562500000000006
0 0.9427734375 0.33578125 0.07664062500000002 0.09164062500000003
0 0.740703125 0.205078125 0.078125 0.08261718750000002
0 0.6888671875 0.9582421875 0.07664062500000002 0.08351562499999998
1 0.7902734375 0.0736328125 0.09914062499999998 0.08714843750000001
1 0.060859375 0.326015625 0.0946484375 0.10214843750000002
1 0.1457421875 0.787265625 0.08714843750000001 0.10816406249999999
1 0.126953125 0.6978515625 0.10667968750000001 0.07363281250000009
0 0.212578125 0.7098828125 0.08261718750000002 0.09164062499999992
1 0.0443359375 0.1652734375 0.0886328125 0.11117187500000002
2 0.326015625 0.3373046875 0.14121093750000002 0.09164062500000003
2 0.2846875 0.4334375 0.09164062500000003 0.11269531249999998
2 0.52359375 0.2155859375 0.10066406249999998 0.14874999999999997
2 0.64078125 0.1945703125 0.11570312500000002 0.10667968750000001
2 0.77296875 0.4950390625 0.11269531250000009 0.10968750000000005
2 0.603203125 0.8368359375 0.11269531250000009 0.11417968750000007