0 0.3778515625 0.251640625 0.08261718750000002 0.09164062500000003
0 0.10515625 0.5228515625 0.08714843750000001 0.08414062500000002
0 0.398125 0.638515625 0.09914062499999998 0.08414062500000008
1 0.404140625 0.794765625 0.08714843750000001 0.09015624999999994
1 0.654296875 0.4184375 0.10066406249999993 0.10367187499999997
0 0.654296875 0.6670703125 0.09464843750000007 0.08113281249999993
2 0.7647265625 0.0713671875 0.12320312500000008 0.10667968749999998
2 0.099921875 0.8248046875 0.12167968750000001 0.10816406249999999
2 0.7369140625 0.8135546875 0.11269531250000009 0.09765625
2 0.8443359375 0.95671875 0.13523437500000002 0.08652343749999991
1 0.5498828125 0.64453125 0.08113281249999993 0.08714843750000001
0 0.603203125 0.61375 0.07960937499999998 0.08562500000000006