0 0.3267578125 0.849609375 0.08562500000000006 0.09464843750000007
1 0.115703125 0.7023828125 0.09914062500000001 0.10367187500000008
1 0.361328125 0.558125 0.1276953125 0.08562500000000006
2 0.181796875 0.8308203125 0.08414062500000002 0.12320312500000008
2 0.6648046875 0.623515625 0.09765625 0.11117187499999992
1 0.880390625 0.76171875 0.1171875 0.09316406250000009
2 0.8721484375 0.5228515625 0.13070312499999992 0.10515625000000006
2 0.8368359375 0.305 0.10214843749999991 0.10816406249999999
2 0.64453125 0.049570312500000005 0.11417968750000007 0.084140625
2 0.369609375 0.439453125 0.14421875000000006 0.10968749999999994
2 0.701640625 0.860859375 0.10515625000000006 0.11417968750000007
1 0.8466015625 0.965 0.10066406249999993 0.07000000000000006
1 0.693359375 0.951015625 0.11570312500000002 0.08414062500000008