1 0.6640625 0.2621875 0.09617187500000002 0.08562500000000003
2 0.193046875 0.57390625 0.1096875 0.08414062500000008
2 0.4244140625 0.80453125 0.12468750000000006 0.10367187500000008
2 0.1915625 0.6745703125 0.13070312499999998 0.09617187500000002
0 0.14875 0.4206640625 0.08414062499999998 0.08414062499999997
1 0.386875 0.271171875 0.10667968750000001 0.09164062500000003
1 0.5498828125 0.084140625 0.10816406249999999 0.06609375
0 0.5498828125 0.1494921875 0.09617187500000002 0.05859375
2 0.818046875 0.2884765625 0.09464843750000007 0.11417968749999999
2 0.8894140625 0.30421875 0.078125 0.12468750000000003
2 0.2238671875 0.274921875 0.10214843750000002 0.09316406249999998
0 0.26140625 0.3169921875 0.09617187500000002 0.08113281250000004
2 0.0345703125 0.7271484375 0.0691015625 0.11417968750000007
2 0.96875 0.953125 0.0625 0.09375