0 0.63640625 0.4109765625 0.09113281249999994 0.0830078125
0 0.7885546875 0.4581640625 0.07976562500000006 0.0732421875
0 0.845546875 0.431328125 0.07976562500000006 0.08464843749999995
0 0.0813671875 0.14078125 0.0846484375 0.06671875
1 0.0748828125 0.0740625 0.1008984375 0.0732421875
1 0.25796875 0.5924609375 0.1123046875 0.07488281250000006
1 0.1513671875 0.7820703125 0.0944140625 0.09601562499999994
1 0.7983203125 0.841484375 0.09601562499999994 0.107421875
0 0.55421875 0.63640625 0.07976562500000006 0.07160156249999994
1 0.5908203125 0.5883984375 0.10417968750000006 0.0927734375
2 0.87890625 0.630703125 0.12042968749999994 0.11554687499999994
2 0.17578125 0.904140625 0.1171875 0.08953125000000006
2 0.5509375 0.0577734375 0.0830078125 0.115546875
2 0.7934375 0.0390625 0.11882812500000006 0.078125
2 0.7763671875 0.3548046875 0.107421875 0.12042968750000005
2 0.3645703125 0.44515625 0.107421875 0.08625000000000005