0 0.3776171875 0.164375 0.08464843749999995 0.0846484375
0 0.91390625 0.197734375 0.07000000000000006 0.07
0 0.5826953125 0.4052734375 0.107421875 0.07488281250000006
0 0.7234765625 0.44515625 0.08953125000000006 0.08625000000000005
1 0.6990625 0.83171875 0.09929687500000006 0.09765625
1 0.80078125 0.4305078125 0.08464843750000006 0.09929687499999995
1 0.8666796875 0.4150390625 0.07976562500000006 0.09441406250000006
1 0.8308984375 0.0651171875 0.08953125000000006 0.087890625
1 0.8740234375 0.111484375 0.087890625 0.076484375
2 0.958984375 0.826171875 0.08203125 0.08203125
2 0.673828125 0.6713671875 0.126953125 0.08624999999999994
2 0.7690234375 0.724296875 0.11882812500000006 0.09441406250000006
2 0.1066015625 0.798359375 0.118828125 0.10578124999999994
2 0.3173828125 0.392265625 0.11394531250000006 0.08464843749999995