1 0.6978515625 0.791015625 0.10066406249999993 0.09164062499999992
1 0.5671484375 0.6745703125 0.08863281249999999 0.10515625000000006
0 0.714375 0.4875390625 0.10066406249999993 0.07960937499999998
0 0.607734375 0.42140625 0.07062499999999994 0.07664062500000002
0 0.6670703125 0.4341796875 0.07210937499999992 0.08414062499999997
1 0.57015625 0.22761718749999998 0.10968749999999994 0.11570312499999999
2 0.1787890625 0.4401953125 0.12320312500000001 0.10816406249999999
1 0.205078125 0.5318359375 0.11570312500000002 0.08414062500000002
2 0.1862890625 0.6280078125 0.10214843750000002 0.11417968750000007
0 0.53484375 0.521328125 0.078125 0.09914062499999998
0 0.599453125 0.510078125 0.07511718750000007 0.09464843750000002
0 0.5461328125 0.0353125 0.10667968750000001 0.070625