1 0.5010546875 0.09390625 0.10066406249999998 0.07664062500000002
1 0.821796875 0.7414453125 0.08414062500000008 0.10066406249999993
1 0.2253515625 0.506328125 0.08414062499999997 0.08714843750000001
2 0.21859375 0.05859375 0.085625 0.10515625
0 0.333515625 0.14421875 0.078125 0.07210937500000002
0 0.28171875 0.16375 0.06761718750000001 0.078125
0 0.3094921875 0.2238671875 0.08113281250000004 0.06910156249999999
0 0.4409375 0.2801953125 0.08863281249999999 0.08863281249999999
0 0.3951171875 0.4206640625 0.06910156249999999 0.06910156249999999
0 0.1990625 0.3936328125 0.08261718749999997 0.07511718749999996
0 0.1675 0.4732421875 0.06460937500000002 0.08414062500000002
0 0.86765625 0.3583203125 0.09765625 0.07363281249999998
0 0.8939453125 0.4582421875 0.09316406250000009 0.07511718749999996
2 0.4544921875 0.48828125 0.11867187499999998 0.10816406249999999
0 0.899921875 0.787265625 0.07511718750000007 0.08414062500000008