0 0.9224609375 0.9419921875 0.08113281249999993 0.08414062500000008
1 0.377109375 0.931484375 0.09617187500000002 0.08714843750000001
1 0.2959765625 0.95296875 0.08414062499999997 0.09406249999999994
1 0.2629296875 0.68359375 0.09914062499999998 0.09914062499999998
1 0.3741015625 0.521328125 0.09316406249999998 0.09914062499999998
1 0.8158203125 0.5851953125 0.078125 0.10367187500000008
1 0.1705078125 0.37859375 0.1096875 0.10816406249999999
1 0.0398046875 0.226875 0.079609375 0.10816406249999999
0 0.334296875 0.252421875 0.07664062500000002 0.078125
0 0.392109375 0.224609375 0.08414062499999997 0.07664062500000002
0 0.5010546875 0.25015625 0.08261718749999997 0.08562499999999998
0 0.5708984375 0.201328125 0.08113281249999993 0.08414062500000002
0 0.5754296875 0.10890625 0.08714843750000001 0.07960937500000001
0 0.703125 0.118671875 0.09617187500000002 0.06910156250000002
0 0.53484375 0.0225390625 0.08714843750000001 0.045078125
1 0.899921875 0.0480859375 0.10214843749999991 0.096171875
1 0.9755078125 0.2937109375 0.04898437500000008 0.11269531249999998
2 0.5731640625 0.431171875 0.10667968750000001 0.10214843750000002
2 0.736171875 0.7219140625 0.08414062500000008 0.1276953125