0 0.439453125 0.6022265625 0.09765625 0.08136718749999994
0 0.4662890625 0.763359375 0.0927734375 0.08464843750000006
0 0.388203125 0.916328125 0.07976562500000006 0.078125
0 0.861796875 0.08546875 0.0927734375 0.076484375
0 0.4752734375 0.910625 0.08136718750000005 0.08953125000000006
1 0.334453125 0.432109375 0.0830078125 0.09601562499999994
1 0.9187890625 0.4728125000000001 0.09929687500000006 0.09277343750000006
2 0.26609375 0.14078125 0.1416015625 0.1123046875
2 0.658359375 0.0887109375 0.1123046875 0.099296875
2 0.7470703125 0.0846484375 0.087890625 0.0944140625
2 0.4191015625 0.3857421875 0.1025390625 0.13347656250000006
2 0.24332031249999997 0.3857421875 0.09277343749999997 0.13347656250000006
2 0.259609375 0.888671875 0.1025390625 0.1171875
1 0.428046875 0.8333203125 0.10417968749999995 0.08464843750000006