0 0.428203125 0.6708203125 0.06609375000000006 0.05558593750000007
0 0.486015625 0.6805859375 0.07062500000000005 0.08714843750000001
1 0.8150390625 0.88265625 0.10066406249999993 0.11570312500000002
0 0.24113281250000002 0.6475390625 0.08863281250000002 0.06910156249999999
0 0.23585937499999998 0.7459375 0.09617187499999999 0.07062499999999994
0 0.21859375 0.267421875 0.070625 0.10214843750000002
0 0.643046875 0.8916796875 0.07511718750000007 0.07062499999999994
1 0.673828125 0.82859375 0.09464843750000007 0.08863281249999999
0 0.7271484375 0.197578125 0.07511718750000007 0.07960937499999998
0 0.799296875 0.217109375 0.09617187500000002 0.07664062500000002
0 0.1179296875 0.3448046875 0.07960937500000001 0.08261718750000002
0 0.1216796875 0.256171875 0.08113281249999998 0.11269531249999998
0 0.2666796875 0.697109375 0.07960937499999998 0.06007812499999998
1 0.462734375 0.958984375 0.09316406249999998 0.08203125
0 0.736328125 0.97265625 0.08984375 0.0546875
1 0.037578125 0.1712890625 0.0751171875 0.08414062500000002
0 0.3801171875 0.9694921875 0.07511718749999996 0.06101562500000002