1 0.080390625 0.217109375 0.08863281249999999 0.11269531249999998
1 0.19980468750000002 0.2606640625 0.11718750000000003 0.10367187499999997
2 0.37859375 0.6708203125 0.10214843750000002 0.1276953125
2 0.1810546875 0.877421875 0.09765625 0.12921874999999994
1 0.550625 0.1750390625 0.11269531250000003 0.10367187499999998
2 0.8623828125 0.2193359375 0.11417968750000007 0.13222656250000003
0 0.7902734375 0.4439453125 0.09914062499999998 0.07062499999999994
1 0.8052734375 0.5003125 0.10515625000000006 0.08414062500000002
2 0.55890625 0.0420703125 0.09617187500000002 0.07511718749999999
0 0.62125 0.096171875 0.07960937499999998 0.08113281250000001
1 0.0420703125 0.96046875 0.084140625 0.07902343750000007