0 0.5220703125 0.6099609375 0.09464843750000002 0.08714843750000001
0 0.3350390625 0.333515625 0.07210937500000003 0.10214843750000002
0 0.4094140625 0.232109375 0.08261718750000002 0.09464843749999999
0 0.23136718749999996 0.1983203125 0.09617187499999999 0.08414062500000002
0 0.084140625 0.4364453125 0.09015625 0.10066406250000004
0 0.154765625 0.6941015625 0.08113281249999998 0.10816406249999999
0 0.79328125 0.2862109375 0.08414062500000008 0.10066406250000001
0 0.4184375 0.057109375 0.07363281249999998 0.1081640625
1 0.111171875 0.19832031250000004 0.10515625 0.11718750000000003
2 0.87515625 0.383125 0.13972656249999993 0.10214843750000002
2 0.6730859375 0.0848828125 0.1262109375 0.103671875
1 0.35984375 0.6791015625 0.10367187499999997 0.12019531249999993
2 0.6745703125 0.8526171875 0.09316406250000009 0.12167968749999991