0 0.4467578125 0.771484375 0.08953125000000006 0.09113281249999994
0 0.7901953125 0.443515625 0.0927734375 0.09929687499999995
0 0.3841015625 0.3995703125 0.08464843749999995 0.06999999999999995
0 0.3564453125 0.345859375 0.09113281249999994 0.07648437500000005
1 0.8561328125 0.9114453125 0.10417968750000006 0.078125
1 0.7316015625 0.5859375 0.10578124999999994 0.087890625
1 0.4891015624999999 0.0773046875 0.12207031249999994 0.079765625
1 0.9541015625 0.1985546875 0.091796875 0.1008984375
2 0.28890625 0.4744531249999999 0.13507812500000002 0.10253906249999994
2 0.2408984375 0.2864453125 0.107421875 0.11066406250000002
2 0.423984375 0.3246875 0.1025390625 0.1220703125
1 0.03175781250000001 0.5924609375 0.0634765625 0.1171875