0 0.6550390625 0.1472265625 0.08714843750000001 0.09015625
2 0.861640625 0.9037109375 0.07960937499999998 0.10066406249999993
1 0.41390625 0.8075390625 0.08562499999999995 0.10066406249999993
2 0.21109375 0.34328125 0.12167968749999997 0.10667968750000001
1 0.123203125 0.4462109375 0.09914062499999998 0.09316406249999998
2 0.558125 0.7466796875 0.11570312500000002 0.09015624999999994
2 0.67984375 0.38234375 0.12468750000000006 0.09164062500000003
1 0.8233203125 0.21335937500000002 0.09617187500000002 0.07812500000000003
2 0.810546875 0.5326171875 0.11867187499999998 0.10066406249999998
2 0.62875 0.5814453125 0.12167968749999991 0.09015624999999994
2 0.744453125 0.584453125 0.10066406249999993 0.08113281249999993
1 0.4732421875 0.2787109375 0.1171875 0.07960937499999998
0 0.44921875 0.350078125 0.09617187500000002 0.07511718749999996
0 0.4642578125 0.783515625 0.07511718750000002 0.08562500000000006
2 0.959296875 0.039804687500000005 0.07960937499999998 0.0736328125