0 0.1096875 0.5220703125 0.09316406249999999 0.061601562499999984
0 0.21109375 0.4582421875 0.085625 0.08113281250000004
0 0.1787890625 0.29671875 0.08414062500000002 0.08863281249999999
0 0.5829296875 0.3117578125 0.08113281249999993 0.08261718750000002
0 0.6843359375 0.341796875 0.07960937499999998 0.07363281249999998
0 0.6708203125 0.4033984375 0.07960937499999998 0.06460937499999997
0 0.2666796875 0.1419921875 0.07062500000000002 0.08261718749999998
1 0.3252734375 0.134453125 0.07062500000000005 0.09164062500000002
2 0.662578125 0.153984375 0.10816406249999999 0.07363281249999999
2 0.48078125 0.2494140625 0.10214843750000002 0.10214843749999997
2 0.8150390625 0.3680859375 0.08562500000000006 0.09617187500000002
0 0.8841796875 0.3755859375 0.06460937500000008 0.08113281250000004
2 0.4334375 0.634765625 0.10968750000000005 0.12167968749999991
2 0.232890625 0.6392578125 0.08414062500000002 0.10367187500000008
2 0.1750390625 0.7331640625 0.10667968750000001 0.09015624999999994
0 0.15625 0.814296875 0.06308593750000001 0.07511718750000007
0 0.2103515625 0.8158203125 0.06609375 0.08113281249999993
1 0.4792578125 0.7624609375 0.10214843749999997 0.08863281249999999
1 0.9134765625 0.5438671875 0.09015624999999994 0.08714843750000001
1 0.5926953125 0.407890625 0.08562500000000006 0.08863281249999999
0 0.546875 0.373359375 0.06308593749999991 0.07960937499999998
2 0.755703125 0.59796875 0.09316406250000009 0.11417968750000007
2 0.75421875 0.7421875 0.10816406249999999 0.09617187500000002
1 0.2508984375 0.9537109375 0.07511718749999999 0.09253906249999999
2 0.386875 0.8744140625 0.10968750000000005 0.08714843750000001
0 0.521328125 0.954765625 0.07210937499999998 0.07664062500000002
1 0.478515625 0.9269921875 0.07664062500000002 0.08414062500000008
2 0.939453125 0.0390625 0.08203125 0.078125
2 0.8128125 0.0360546875 0.1322265625000001 0.072109375