2 0.2974609375 0.76171875 0.11117187500000003 0.1171875
0 0.5401171875 0.919453125 0.09164062499999998 0.078125
1 0.6610546875 0.61375 0.09015624999999994 0.09464843750000007
0 0.537109375 0.64828125 0.09765625 0.07062499999999994
0 0.535625 0.7173828125 0.09765625 0.06761718750000001
0 0.7917578125 0.73390625 0.08113281249999993 0.10367187500000008
0 0.8353515625 0.7001171875 0.09015624999999994 0.09316406250000009
0 0.4484765625 0.47625 0.06761718750000001 0.08414062499999997
0 0.5078125 0.47550781249999996 0.07210937499999998 0.10667968749999995
2 0.380859375 0.3583203125 0.11269531249999998 0.08863281249999999
1 0.4552343750000001 0.349296875 0.09914062500000004 0.10367187499999997
0 0.173515625 0.305 0.10367187499999998 0.07210937500000003
1 0.1705078125 0.1810546875 0.09464843750000002 0.08261718749999997
0 0.12921875 0.2155859375 0.08414062499999998 0.08863281249999999
0 0.1923046875 0.251640625 0.09015625 0.06160156250000001
0 0.9830078125 0.4732421875 0.03394531249999999 0.11417968750000002