0 0.23585937499999998 0.665546875 0.07812499999999997 0.09015624999999994
0 0.1667578125 0.478515625 0.09617187500000002 0.07960937499999998
1 0.643046875 0.1276953125 0.08714843750000001 0.09914062499999998
1 0.0428125 0.4251953125 0.085625 0.08714843750000001
1 0.673828125 0.595703125 0.07363281250000009 0.10667968750000001
1 0.8270703125 0.721171875 0.08863281249999999 0.09015624999999994
1 0.2884765625 0.3448046875 0.09015624999999997 0.12167968750000002
2 0.361328125 0.38234375 0.10066406250000004 0.10066406250000004
2 0.763984375 0.6159765625 0.11867187499999998 0.09015624999999994
2 0.869140625 0.853359375 0.1276953125 0.08714843750000001
2 0.625 0.91796875 0.1322265625000001 0.09914062499999998
1 0.97265625 0.654296875 0.0546875 0.11328125