0 0.67234375 0.2787109375 0.07960937499999998 0.08562500000000003
0 0.3583203125 0.2298828125 0.08261718750000002 0.07511718750000002
0 0.3275390625 0.3703515625 0.09316406249999998 0.08863281249999999
2 0.7158984375 0.1134375 0.11570312500000002 0.11269531250000002
1 0.806796875 0.63328125 0.10515625000000006 0.08562500000000006
0 0.1712890625 0.724921875 0.08414062500000002 0.09164062499999992
2 0.4349609375 0.6685546875 0.09164062500000003 0.12019531249999993
0 0.6926171875 0.954765625 0.09316406250000009 0.08863281249999999
0 0.5318359375 0.9037109375 0.07511718750000002 0.08863281249999999
0 0.60171875 0.908203125 0.07062499999999994 0.08863281249999999
0 0.8090625 0.8098046875 0.08562500000000006 0.08714843750000001
1 0.94921875 0.853359375 0.1015625 0.09617187500000002
1 0.8443359375 0.8781640625 0.10515625000000006 0.08863281249999999
0 0.1412109375 0.134453125 0.09015625 0.08863281249999999
2 0.1517578125 0.8173046875 0.10816406249999999 0.10515625000000006
2 0.4108984375 0.91421875 0.11570312500000002 0.11570312500000002
2 0.1171875 0.03515625 0.109375 0.0703125