1 0.4371875 0.0638671875 0.09617187500000002 0.1276953125
2 0.1126953125 0.3327734375 0.10515625 0.10968749999999994
2 0.43796875 0.252421875 0.08863281249999999 0.10515625000000003
0 0.5521484375 0.390625 0.08562500000000006 0.08113281250000004
2 0.923984375 0.365078125 0.08113281249999993 0.12019531250000004
0 0.2899609375 0.8721484375 0.09617187500000002 0.06460937500000008
0 0.2824609375 0.9375 0.10214843750000002 0.06308593749999991
0 0.84734375 0.7294140625 0.07511718750000007 0.11867187499999998
2 0.76546875 0.51609375 0.10367187500000008 0.11269531250000003
1 0.736171875 0.5851953125 0.10515625000000006 0.07664062500000002
0 0.759453125 0.6437890625 0.08261718749999991 0.07664062500000002