0 0.5190625 0.513828125 0.08562500000000006 0.08714843750000001
0 0.5303515625 0.40265625 0.078125 0.08113281250000004
0 0.6828515625 0.80078125 0.09765625 0.08414062500000008
0 0.3666015625 0.6610546875 0.09316406249999998 0.08113281249999993
0 0.560390625 0.6745703125 0.09617187500000002 0.09316406250000009
0 0.2922265625 0.2373828125 0.07960937499999998 0.10515625
1 0.3515625 0.2043359375 0.08714843750000001 0.10515625000000003
1 0.311015625 0.7376953125 0.1262109375 0.08113281249999993
2 0.5363671875 0.333515625 0.11417968750000002 0.08414062499999997
2 0.7061328125 0.9172265625 0.09316406250000009 0.10968749999999994
0 0.3425390625 0.338046875 0.07511718749999996 0.08414062499999997
0 0.369609375 0.2862109375 0.09316406249999998 0.07664062500000002