0 0.217109375 0.4056640625 0.08562499999999998 0.09015624999999994
0 0.2801953125 0.4559765625 0.09164062500000003 0.08261718750000002
0 0.665546875 0.8173046875 0.09316406250000009 0.08714843750000001
0 0.911953125 0.787265625 0.09316406250000009 0.09015624999999994
1 0.9247265625 0.05410156249999999 0.10066406249999993 0.084140625
0 0.7233984375 0.46046875 0.08261718749999991 0.08863281249999999
0 0.2291015625 0.8293359375 0.08261718749999997 0.09914062499999998
1 0.60546875 0.6009765625 0.10816406249999999 0.08414062500000008
2 0.528828125 0.130703125 0.10214843749999997 0.11417968750000002
2 0.5769140625 0.245625 0.08414062500000008 0.1096875
2 0.471015625 0.333515625 0.09464843749999996 0.1262109375
0 0.41390625 0.416171875 0.09765625 0.06910156249999999
1 0.65578125 0.443203125 0.10066406249999993 0.10816406249999999
2 0.241875 0.908203125 0.09914062499999998 0.11570312500000002
2 0.1472265625 0.9484765625 0.10214843750000001 0.10304687499999998
2 0.916484375 0.87890625 0.10515625000000006 0.10214843749999991