0 0.322265625 0.86671875 0.07488281250000006 0.0830078125
0 0.4646874999999999 0.3719140625 0.07324218749999994 0.07976562499999995
0 0.232734375 0.2897265625 0.078125 0.08464843749999998
1 0.580234375 0.09359375 0.1025390625 0.076484375
1 0.178203125 0.25796875 0.0830078125 0.0927734375
1 0.412578125 0.20425781249999997 0.10906250000000006 0.09277343749999997
1 0.3719140625 0.8992578125 0.0830078125 0.09929687500000006
1 0.486640625 0.929375 0.10417968749999995 0.087890625
1 0.896796875 0.8813671875 0.09113281249999994 0.11554687499999994
1 0.564765625 0.4296875 0.08464843750000006 0.07488281250000006
0 0.60140625 0.3971484375 0.07648437499999994 0.08464843749999995
1 0.5241015625 0.355625 0.08464843750000006 0.0927734375
1 0.45734375 0.30109375 0.11394531249999995 0.09113281250000005
2 0.6811328125 0.4655078125 0.08624999999999994 0.11394531249999995
2 0.673828125 0.25796875 0.10089843749999994 0.11882812499999998
0 0.9728125 0.4825781250000001 0.05437500000000006 0.09277343750000006