0 0.21109375 0.9597265625 0.09164062499999998 0.08054687500000002
0 0.089375 0.7459375 0.091640625 0.08562500000000006
0 0.2606640625 0.77375 0.08562499999999998 0.06910156249999999
0 0.2351171875 0.697109375 0.07960937499999998 0.08414062500000008
0 0.14046875 0.4890234375 0.08863281249999999 0.08562500000000006
0 0.3658203125 0.295234375 0.07363281249999998 0.08863281249999999
0 0.8488671875 0.6377734375 0.078125 0.07960937499999998
0 0.9517578125 0.5611328125 0.08261718749999991 0.09164062499999992
0 0.5536328125 0.6340234375 0.08562500000000006 0.09316406250000009
0 0.525078125 0.8098046875 0.09464843750000002 0.078125
0 0.83984375 0.87890625 0.08414062500000008 0.08414062500000008
0 0.365078125 0.5904296875 0.078125 0.07511718750000007
1 0.6159765625 0.7865234375 0.09015624999999994 0.09464843750000007
1 0.5416015625 0.881171875 0.10066406249999998 0.07363281250000009
1 0.29671875 0.4830078125 0.10968750000000002 0.08261718749999997
1 0.30421875 0.564140625 0.07960937499999998 0.09765625
2 0.505546875 0.3801171875 0.10667968750000001 0.1171875
2 0.212578125 0.5866796875 0.09464843749999999 0.1276953125