0 0.32453125 0.295234375 0.08714843750000001 0.08863281249999999
0 0.73015625 0.1945703125 0.09617187500000002 0.06761718750000001
0 0.21335937499999996 0.8931640625 0.08714843749999998 0.09765625
0 0.595703125 0.96875 0.08562500000000006 0.0625
1 0.486796875 0.7647265625 0.10816406249999999 0.09015624999999994
1 0.3853515625 0.87890625 0.08562500000000006 0.09914062499999998
1 0.4725 0.3801171875 0.09164062500000003 0.09617187500000002
1 0.8623828125 0.18328125 0.09015624999999994 0.10515625
1 0.6009765625 0.6294921875 0.078125 0.09617187500000002
2 0.11417968750000002 0.5746875 0.1262109375 0.11570312500000002
2 0.045078125 0.455234375 0.09015625 0.11417968749999996
2 0.6941015625 0.6768359375 0.12921874999999994 0.10066406249999993
2 0.7564453125 0.8173046875 0.08261718749999991 0.11417968750000007
2 0.8586328125 0.818046875 0.10367187500000008 0.10367187500000008
2 0.7880078125 0.428203125 0.09164062499999992 0.12921874999999994
0 0.68359375 0.5416015625 0.08414062500000008 0.09164062499999998
0 0.7271484375 0.5033203125 0.08113281249999993 0.08714843750000001
1 0.662578125 0.803046875 0.1171875 0.09164062499999992
0 0.3312890625 0.6880859375 0.06460937499999997 0.08714843750000001