2 0.1810546875 0.283203125 0.10667968750000001 0.12167968750000002
0 0.3996484375 0.408671875 0.078125 0.09617187500000002
0 0.4597265625 0.388359375 0.06910156249999999 0.09464843749999996
0 0.6978515625 0.658046875 0.08562500000000006 0.09316406250000009
2 0.6535546875 0.87515625 0.12019531249999993 0.10367187500000008
0 0.579921875 0.7669921875 0.08414062500000008 0.07664062500000002
0 0.5476171875 0.8060546875 0.09164062499999992 0.08863281249999999
0 0.3816015625 0.9419921875 0.11417968749999996 0.078125
2 0.0616015625 0.8203125 0.1171875 0.13523437500000002
0 0.4184375 0.060078125 0.10066406250000004 0.0871484375
1 0.8158203125 0.3425390625 0.11417968750000007 0.09015624999999994
0 0.5746875 0.5708984375 0.09765625 0.08714843750000001
2 0.5896875 0.6573046875 0.09464843750000007 0.11269531250000009
0 0.9037109375 0.7549609375 0.08863281249999999 0.06460937500000008
0 0.911953125 0.8248046875 0.08714843750000001 0.07511718750000007
2 0.899921875 0.099921875 0.10214843749999991 0.09464843750000002
2 0.6941015625 0.1667578125 0.08414062500000008 0.1262109375
1 0.78125 0.1397265625 0.1171875 0.10515625
2 0.96875 0.927734375 0.0625 0.11867187499999998
2 0.2659375 0.970234375 0.11117187500000003 0.05949218750000007
2 0.982265625 0.6490234375 0.03546874999999994 0.08714843750000001