1 0.3560546875 0.7376953125 0.08714843750000001 0.08414062500000008
0 0.8173046875 0.681328125 0.08414062500000008 0.07664062500000002
0 0.8976953125 0.1314453125 0.07062499999999994 0.05859375
0 0.615234375 0.295234375 0.08562500000000006 0.06761718750000001
0 0.7001171875 0.29671875 0.09914062499999998 0.07664062500000002
1 0.4341796875 0.291484375 0.08113281250000004 0.10214843750000002
0 0.6587890625 0.615234375 0.08261718749999991 0.06761718750000001
0 0.71140625 0.5513671875 0.08863281249999999 0.08113281249999993
0 0.7451953125 0.6219921875 0.07511718750000007 0.08414062500000008
1 0.3508203125 0.1727734375 0.10667968750000001 0.07511718750000002
2 0.2741796875 0.226875 0.09464843749999999 0.07511718749999999
2 0.158515625 0.279453125 0.09464843750000002 0.08714843750000001
0 0.259921875 0.2899609375 0.08714843750000001 0.05710937500000002