0 0.4830078125 0.7279296875 0.08261718749999997 0.08261718749999991
0 0.4935546875 0.2433984375 0.07664062500000002 0.08714843750000001
0 0.751953125 0.0923828125 0.08562500000000006 0.085625
1 0.6400390625 0.21632812500000004 0.08113281249999993 0.09914062500000001
1 0.8443359375 0.2644140625 0.09015624999999994 0.08414062499999997
1 0.584453125 0.505546875 0.09617187500000002 0.08863281249999999
1 0.6024609375 0.61296875 0.08113281249999993 0.12921874999999994
1 0.3155078125 0.75796875 0.11417968749999996 0.10667968750000001
1 0.552890625 0.8841796875 0.09617187500000002 0.10367187500000008
2 0.256171875 0.71515625 0.11570312500000002 0.11117187499999992
2 0.8954296875 0.4289453125 0.12320312500000008 0.1276953125