0 0.134453125 0.6610546875 0.08261718750000001 0.07511718750000007
1 0.40265625 0.681328125 0.11417968749999996 0.09464843750000007
1 0.4642578125 0.9382421875 0.08113281249999998 0.10968749999999994
1 0.5596484375 0.7309375 0.11867187499999998 0.08863281249999999
1 0.8526171875 0.803046875 0.08562500000000006 0.11570312500000002
1 0.7962890625 0.318515625 0.08113281249999993 0.09617187500000002
1 0.3080078125 0.21335937500000002 0.08414062499999997 0.10816406250000002
1 0.2201171875 0.1299609375 0.1096875 0.1096875
0 0.6843359375 0.142734375 0.09164062499999992 0.09015625
2 0.6843359375 0.245625 0.09164062499999992 0.12167968749999997
2 0.743671875 0.3936328125 0.11117187499999992 0.09617187500000002
2 0.642265625 0.6603125 0.13972656249999993 0.10367187500000008