2 0.3583203125 0.47625 0.10667968750000001 0.12320312499999997
0 0.48 0.458984375 0.07664062500000002 0.07960937499999998
0 0.5416015625 0.44621093750000007 0.07363281250000009 0.10816406250000005
0 0.2494140625 0.8503515625 0.07511718750000002 0.09015624999999994
0 0.357578125 0.7316796875 0.12019531250000004 0.1171875
0 0.8308203125 0.64828125 0.08414062500000008 0.09464843750000007
2 0.8894140625 0.4965625 0.10816406249999999 0.09765625
2 0.46125 0.863125 0.10515624999999995 0.11269531250000009
0 0.5438671875 0.94578125 0.09316406250000003 0.07062499999999994
2 0.5731640625 0.2448828125 0.10968749999999994 0.1171875
2 0.706875 0.064609375 0.10667968750000001 0.1171875
2 0.2103515625 0.0638671875 0.08113281249999998 0.10667968750000001
0 0.306484375 0.9852734375 0.09617187500000002 0.02945312500000008
0 0.9577734375 0.6708203125 0.06160156249999993 0.09765625