0 0.2856640625 0.431328125 0.06671874999999994 0.06511718749999995
0 0.7918359375 0.1627734375 0.0830078125 0.0716015625
0 0.7901953125 0.5631640625 0.07648437499999994 0.08136718749999994
0 0.773125 0.83578125 0.078125 0.08624999999999994
0 0.2994921875 0.1953125 0.087890625 0.0846484375
0 0.1594921875 0.5753515625 0.078125 0.09601562499999994
1 0.052890625 0.2547265625 0.099296875 0.0830078125
1 0.201015625 0.1375390625 0.0830078125 0.099296875
1 0.64046875 0.3955078125 0.08624999999999994 0.107421875
1 0.04070312500000001 0.9598046875 0.078125 0.08039062499999994
1 0.61765625 0.5143359375 0.09929687500000006 0.087890625
0 0.642890625 0.563984375 0.08464843750000006 0.0634765625
2 0.349921875 0.8740234375 0.10089843750000005 0.107421875
2 0.8642578125 0.7291796875 0.087890625 0.107421875
2 0.6412890625 0.8756640625 0.087890625 0.12371093750000006
2 0.044765625 0.7780078125 0.08953125 0.11066406249999994
2 0.91390625 0.9541015625 0.09929687500000006 0.091796875
2 0.7885546875 0.355625 0.1123046875 0.1220703125
2 0.164375 0.865078125 0.1171875 0.11554687499999994